100 288 4
100 304 3
100 369 2
100 370 2
100 405 4
100 411 2
100 412 2
100 471 3
100 596 3
100 597 3
100 717 3
100 742 4
100 756 3
100 815 3
100 819 1
100 820 3
100 826 3
100 829 3
100 840 3
100 841 2
100 845 3
100 846 3
100 924 4
100 926 3
100 928 2
100 975 2
100 979 2
101 326 3
101 327 2
101 328 2
101 332 3
101 334 2
101 338 2
101 350 3
101 358 3
101 363 2
101 373 2
101 385 3
101 386 2
101 391 2
101 393 3
101 396 2
101 399 2
101 403 3
101 405 2
101 409 2
101 411 2
101 418 3
101 431 3
101 432 3
101 436 2
101 443 3
101 444 1
101 445 2
101 448 3
101 450 1
101 476 3
101 501 2
101 502 3
101 510 4
101 515 1
101 522 3
101 524 3
101 530 3
101 541 2
101 546 3
101 548 2
101 554 2
101 559 3
101 565 2
101 566 2
101 568 2
101 576 2
101 577 3
101 578 2
101 588 4
101 596 2
101 597 3
101 612 4
101 625 3
101 629 3
101 635 2
101 636 3
101 650 3
101 652 2
101 655 3
101 663 3
101 665 1
101 667 3
101 671 3
101 672 1
101 675 3
101 685 3
101 686 3
101 689 3
101 720 2
101 732 3
101 734 2
101 746 2
101 748 3
101 751 3
101 768 2
101 771 2
101 778 3
101 797 2
101 809 3
101 810 2
101 823 3
101 827 2
101 831 2
101 840 2
101 841 2
101 856 2
101 866 2
101 892 2
101 930 2
101 986 1
101 993 2
102 211 3
102 222 3
102 234 3
102 250 4
102 252 2
102 255 5
102 257 3
102 300 3
102 301 4
102 405 3
102 471 4
102 487 4
102 527 5
103 301 2
103 302 5
103 307 2
103 311 1
103 312 3
103 313 4
103 316 4
103 324 1
103 325 1
103 327 2
103 330 1
103 331 3
103 332 2
103 333 2
103 342 3
103 345 4
103 346 3
103 347 2
103 354 3
103 405 3
103 411 1
103 412 3
103 456 3
103 475 4
103 508 2
103 534 2
103 544 3
103 546 1
103 591 4
103 628 4
103 713 3
103 744 1
103 748 2
103 750 5
103 751 4
103 756 2
103 823 1
103 825 1
103 827 2
103 840 1
103 845 3
103 847 2
103 871 2
103 895 2
103 926 1
103 984 1
104 302 5
104 307 2
104 313 5
104 324 4
104 327 4
104 333 3
104 340 3
104 690 3
104 748 2
104 752 3
105 223 4
105 244 4
105 273 3
105 274 3
105 275 4
105 280 2
105 285 4
105 286 4
105 313 4
105 435 3
105 495 4
105 526 4
105 566 4
105 582 4
105 584 4
105 647 3
105 660 4
105 684 4
105 692 3
105 699 4
105 703 4
105 712 3
105 739 3
105 778 4
105 828 2
105 923 4
105 956 3
106 302 4
106 305 4
106 312 4
106 313 2
106 321 2
106 323 1
106 333 3
106 340 5
106 902 5
107 252 3
107 255 2
107 275 5
107 282 3
107 284 3
107 290 4
107 294 4
107 304 3
107 319 5
107 405 3
107 471 2
107 515 5
107 718 4
107 740 3
107 748 3
107 931 2
108 258 5
108 265 5
108 278 3
108 281 2
108 282 3
108 288 5
108 291 3
108 294 4
108 295 4
108 317 2
108 318 4
108 322 2
108 323 3
108 332 3
108 356 4
108 357 2
108 365 4
108 367 3
108 373 5
108 380 5
108 386 1
108 388 5
108 391 2
108 392 3
108 393 4
108 395 3
108 402 4
108 403 5
108 405 5
108 409 2
108 411 4
108 413 3
108 423 4
108 425 2
108 431 3
108 441 2
108 449 5
108 451 5
108 452 2
108 472 2
108 475 1
108 508 4
108 520 5
108 527 3
108 531 4
108 542 3
108 545 2
108 546 3
108 550 5
108 552 2
108 559 3
108 564 3
108 566 4
108 568 5
108 576 3
108 584 2
108 588 4
108 597 2
108 627 5
108 628 2
108 631 3
108 636 5
108 655 3
108 665 5
108 672 2
108 679 3
108 715 2
108 722 3
108 732 3
108 735 5
108 739 4
108 742 5
108 748 3
108 755 5
108 762 3
108 763 2
108 790 2
108 796 3
108 797 3
108 809 4
108 820 3
108 823 3
108 834 3
108 845 4
108 849 2
108 866 4
108 928 3
108 930 3
108 931 2
108 940 3
108 944 3
108 949 3
108 975 3
108 986 2
109 332 3
109 333 4
109 340 3
109 366 3
109 367 3
109 376 2
109 384 2
109 385 3
109 393 3
109 397 3
109 401 3
109 402 4
109 421 4
109 423 4
109 451 4
109 468 3
109 540 3
109 550 3
109 566 4
109 568 3
109 575 3
109 578 3
109 586 3
109 642 2
109 658 3
109 682 4
109 684 4
109 688 1
109 689 3
109 692 4
109 715 2
109 732 3
109 734 2
109 748 3
109 751 3
109 759 3
109 765 3
109 779 3
109 783 3
109 790 4
109 791 2
109 794 3
109 802 3
109 806 3
109 808 2
109 849 3
109 873 2
109 895 2
109 905 3
109 944 3
110 315 5
110 321 3
110 326 3
110 328 4
110 333 4
110 340 4
110 344 2
110 354 4
110 887 3
110 896 2
111 325 1
111 327 1
111 331 4
111 339 4
111 346 5
111 347 1
111 354 3
111 678 3
111 689 4
111 748 3
111 750 4
111 751 4
111 754 4
111 879 4
111 887 5
111 891 3
111 903 1
111 937 4
111 984 3
112 288 3
112 289 2
112 292 3
112 294 4
112 303 5
112 319 2
112 321 3
112 322 3
112 323 4
112 324 2
112 325 4
112 326 5
112 327 5
112 328 5
112 329 3
112 424 1
112 508 4
112 595 5
112 678 2
112 874 5
112 948 3
112 976 5
113 210 3
113 269 4
113 318 3
113 357 4
113 474 5
113 482 4
113 483 4
113 485 3
113 496 4
113 505 3
113 507 3
113 520 3
113 615 2
113 640 2
113 646 4
113 654 3
113 655 3
113 659 4
113 679 2
113 855 3
114 234 5
114 237 2
114 240 5
114 265 2
114 269 3
114 273 4
114 279 3
114 282 4
114 284 2
114 310 3
114 317 5
114 357 5
114 431 4
114 443 4
114 462 4
114 466 5
114 470 2
114 471 2
114 475 5
114 479 5
114 496 1
114 511 5
114 530 5
114 543 2
114 596 1
114 642 5
114 654 5
114 657 3
114 673 3
114 741 3
114 762 4
114 763 2
114 847 4
114 922 3
114 952 5
114 969 1
114 980 4
115 325 3
115 328 3
115 331 3
115 332 3
115 333 2
115 340 3
115 344 5
115 346 4
115 347 2
115 349 2
115 350 3
115 355 2
115 358 2
115 390 4
115 421 3
115 479 4
115 484 4
115 511 4
115 515 4
115 519 5
115 531 2
115 539 2
115 582 3
115 603 3
115 604 3
115 607 2
115 640 3
115 655 4
115 661 4
115 678 3
115 730 4
115 748 2
115 750 4
115 751 3
115 758 1
115 760 3
115 806 4
115 840 1
115 872 3
115 879 2
115 880 3
115 887 3
115 888 2
115 895 2
115 896 2
115 900 4
115 902 2
115 903 2
115 905 2
115 914 2
115 942 3
115 993 2
116 258 4
116 265 4
116 268 5
116 288 3
116 298 5
116 307 5
116 313 5
116 338 3
116 358 4
116 368 3
116 405 5
116 406 3
116 410 3
116 411 3
116 421 5
116 423 4
116 546 3
116 588 3
116 596 3
116 597 4
116 628 5
116 678 4
116 742 4
116 743 1
116 748 3
116 751 5
116 758 2
116 763 5
116 772 4
116 789 4
116 829 3
116 886 5
116 928 3
116 977 3
117 288 5
117 320 5
117 324 4
117 396 5
117 413 4
117 421 4
117 433 5
117 436 5
117 474 5
117 475 5
117 511 5
117 513 5
117 528 4
117 547 5
117 551 5
117 558 5
117 559 4
117 564 1
117 603 4
117 641 5
117 654 5
117 655 5
117 672 4
117 675 5
117 774 5
117 800 4
117 816 3
117 844 5
117 853 5
117 919 5
117 960 5
118 313 5
118 322 4
118 328 4
118 329 3
118 332 4
118 338 1
118 340 4
118 348 3
118 354 5
118 382 5
118 385 5
118 392 4
118 405 4
118 407 3
118 410 1
118 412 4
118 451 5
118 455 4
118 459 4
118 472 4
118 486 4
118 506 5
118 511 5
118 526 2
118 537 5
118 544 2
118 546 4
118 550 4
118 562 4
118 568 4
118 591 4
118 595 3
118 597 4
118 616 2
118 628 4
118 658 5
118 684 4
118 685 4
118 689 4
118 697 5
118 710 4
118 716 5
118 717 3
118 718 5
118 741 4
118 742 5
118 755 1
118 762 4
118 813 4
118 823 3
118 825 3
118 826 4
118 829 5
118 831 2
118 845 4
118 866 3
118 879 5
118 916 1
118 917 4
118 930 3
118 931 1
118 977 3
118 982 4
118 986 3
118 995 4
119 252 3
119 257 2
119 258 5
119 282 4
119 286 5
119 405 4
119 546 2
119 742 4
119 827 2
119 924 4
120 282 1
120 291 3
120 294 4
120 298 2
120 300 3
120 313 5
120 347 3
120 357 5
120 405 2
120 411 1
120 427 4
120 428 5
120 472 3
120 479 5
120 508 4
120 509 5
120 514 3
120 515 4
120 546 1
120 582 2
120 595 2
120 628 3
120 631 4
120 644 4
120 717 5
120 740 3
120 742 5
120 744 3
120 792 3
120 937 4
121 427 3
121 429 3
121 464 5
121 469 5
121 470 3
121 509 4
121 510 4
121 511 5
121 553 3
121 570 3
121 582 5
121 660 3
121 661 4
121 673 3
121 708 5
121 715 5
121 724 4
121 727 4
121 736 4
121 737 4
121 792 3
121 956 4
122 319 4
122 427 3
122 432 5
122 435 5
122 462 4
122 479 4
122 480 3
122 482 4
122 483 4
122 485 5
122 487 3
122 504 5
122 511 5
122 514 5
122 523 3
122 531 3
122 606 3
122 657 4
122 704 3
122 707 5
122 735 2
122 847 4
122 962 3
123 166 5
123 168 5
123 172 3
123 173 2
123 174 3
123 195 4
123 209 3
123 226 4
123 474 3
123 496 1
123 550 4
123 616 4
124 340 1
124 346 1
124 357 3
124 364 3
124 367 4
124 369 3
124 372 1
124 376 3
124 382 1
124 383 2
124 384 3
124 386 3
124 388 2
124 393 4
124 395 3
124 399 3
124 401 4
124 407 2
124 411 3
124 412 3
124 427 4
124 430 4
124 434 4
124 435 4
124 451 4
124 455 5
124 474 3
124 475 1
124 478 4
124 479 4
124 482 1
124 483 4
124 485 5
124 493 4
124 496 5
124 498 5
124 508 1
124 511 5
124 513 4
124 520 5
124 568 5
124 577 2
124 585 4
124 615 3
124 648 4
124 657 3
124 659 4
124 687 3
124 692 3
124 705 5
124 709 3
124 722 3
124 728 3
124 732 4
124 734 3
124 746 3
124 748 3
124 751 5
124 756 4
124 780 2
124 781 3
124 785 3
124 790 4
124 796 3
124 801 3
124 813 1
124 864 3
124 914 1
124 926 3
124 940 2
124 945 5
124 949 3
124 996 3
124 997 2
124 999 4
124 1000 3
125 327 3
125 328 5
125 332 2
125 333 2
125 337 5
125 340 5
125 344 4
125 346 3
125 350 2
125 353 5
125 678 3
125 681 5
125 682 1
125 690 3
125 751 4
125 752 3
125 878 5
125 884 5
125 905 2
126 288 5
126 294 4
126 300 5
126 343 5
126 380 5
126 449 4
126 450 5
126 748 5
126 750 1
126 901 5
127 328 2
127 340 4
127 367 4
127 371 1
127 378 5
127 381 3
127 387 2
127 392 3
127 393 4
127 402 1
127 404 3
127 405 4
127 417 4
127 418 4
127 419 3
127 422 4
127 423 4
127 425 5
127 427 5
127 432 2
127 433 4
127 451 4
127 465 4
127 471 4
127 478 5
127 482 4
127 483 5
127 485 3
127 487 5
127 490 5
127 494 4
127 497 3
127 499 5
127 501 3
127 505 4
127 508 4
127 568 4
127 588 5
127 591 4
127 602 4
127 603 5
127 605 3
127 609 4
127 614 3
127 622 4
127 651 5
127 652 3
127 655 3
127 660 2
127 684 4
127 685 3
127 686 4
127 690 3
127 692 4
127 705 3
127 715 4
127 723 3
127 729 2
127 732 4
127 736 5
127 739 4
127 742 3
127 747 3
127 763 4
127 770 3
127 785 2
127 790 4
127 815 3
127 838 5
127 869 3
127 873 1
127 924 3
127 942 5
127 949 4
127 955 5
127 965 3
127 966 4
128 307 2
128 311 3
128 313 3
128 327 3
128 331 2
128 339 2
128 678 1
128 748 2
128 873 1
128 882 2
128 903 2
128 906 5
128 995 2
129 331 3
129 332 4
129 333 5
129 335 3
129 342 3
129 343 4
129 346 4
129 353 1
129 354 5
129 356 4
129 357 5
129 358 4
129 363 3
129 366 5
129 367 4
129 374 4
129 379 4
129 385 5
129 392 4
129 393 5
129 398 3
129 403 5
129 405 4
129 407 2
129 410 5
129 411 5
129 412 4
129 413 3
129 418 5
129 420 5
129 423 5
129 426 4
129 427 5
129 433 3
129 436 3
129 443 5
129 449 4
129 450 2
129 452 4
129 453 3
129 455 4
129 465 5
129 469 5
129 470 2
129 472 4
129 475 3
129 477 4
129 496 5
129 501 5
129 508 4
129 527 5
129 531 5
129 532 5
129 534 5
129 538 5
129 541 3
129 542 3
129 546 4
129 550 5
129 554 4
129 555 4
129 564 4
129 565 3
129 566 4
129 567 2
129 568 5
129 569 3
129 572 3
129 578 5
129 588 4
129 589 4
129 596 4
129 597 4
129 619 4
129 622 3
129 625 5
129 627 5
129 642 4
129 658 5
129 665 3
129 669 4
129 672 5
129 678 4
129 682 4
129 684 5
129 685 3
129 689 2
129 692 5
129 717 3
129 721 3
129 729 4
129 731 3
129 739 5
129 742 5
129 743 2
129 746 5
129 748 4
129 756 4
129 763 5
129 765 4
129 769 3
129 772 4
129 779 4
129 798 1
129 800 4
129 806 3
129 808 5
129 815 3
129 816 5
129 827 4
129 833 4
129 864 2
129 876 4
129 881 4
129 888 3
129 890 4
129 892 3
129 894 4
129 895 5
129 901 1
129 929 4
129 930 3
129 931 2
129 932 3
129 934 4
129 939 4
129 940 3
129 944 4
129 946 4
129 949 3
129 959 4
129 974 4
129 975 5
129 982 1
129 993 5
130 269 5
130 274 3
130 275 2
130 276 5
130 285 5
130 286 5
130 293 3
130 302 5
130 313 5
130 744 4
130 750 5
130 813 3
130 845 4
131 175 3
131 251 4
131 275 3
131 285 4
131 286 3
131 484 4
131 521 4
131 523 4
131 922 5
132 313 3
132 315 4
132 316 4
132 322 2
132 328 3
132 343 2
132 346 3
132 749 4
132 750 4
132 751 3
132 902 3
133 316 4
133 323 4
133 326 5
133 328 4
133 339 2
133 539 4
133 748 5
133 751 5
133 879 4
133 892 2
134 265 3
134 288 3
134 294 4
134 321 4
134 324 3
134 325 4
134 327 4
134 379 2
134 431 2
134 443 4
134 449 3
134 452 2
134 470 4
134 475 4
134 504 4
134 564 1
134 566 3
134 603 4
134 642 4
134 653 4
134 744 4
134 802 2
134 939 4
134 943 3
135 269 5
135 275 4
135 276 5
135 283 4
135 286 5
135 298 4
135 303 4
135 313 2
135 318 5
135 475 4
135 515 5
135 525 5
135 647 5
135 744 5
135 747 4
135 847 4
136 249 4
136 250 5
136 257 5
136 260 3
136 261 5
136 266 5
136 289 3
136 300 5
136 327 4
136 385 5
136 405 5
136 411 5
136 472 4
136 476 1
136 546 5
136 597 5
136 680 5
136 687 4
136 748 4
136 866 3
136 892 3
137 222 4
137 238 5
137 285 4
137 318 5
137 357 4
137 435 5
137 483 5
137 484 4
137 487 3
137 493 4
137 496 4
137 509 4
137 513 5
137 514 5
137 517 4
137 518 4
137 519 5
137 523 5
137 602 4
137 603 4
137 614 4
137 617 4
137 662 4
138 296 4
138 297 5
138 302 3
138 303 5
138 307 4
138 458 4
138 460 3
138 508 4
138 676 4
138 740 2
139 304 4
139 319 4
139 322 3
139 325 3
139 332 3
139 334 2
139 872 3
139 873 2
139 880 4
140 298 5
140 300 5
140 313 5
140 322 4
140 323 4
140 328 4
140 330 1
140 333 5
140 335 1
140 346 1
140 405 3
140 407 2
140 409 5
140 410 4
140 471 4
140 472 5
140 476 3
140 535 5
140 546 4
140 597 4
140 619 4
140 676 5
140 678 4
140 696 4
140 717 4
140 744 5
140 748 3
140 750 1
140 756 3
140 815 4
140 823 3
140 825 4
140 826 2
140 831 2
140 864 3
140 871 3
140 872 1
140 880 1
140 926 4
140 930 4
140 932 3
140 974 4
140 985 4
141 259 3
141 288 3
141 294 3
141 315 3
141 333 5
141 346 5
141 350 4
141 358 2
141 362 3
141 408 4
141 425 4
141 463 3
141 514 5
141 895 4
142 325 5
142 326 5
142 328 4
142 331 5
142 333 5
142 347 5
142 682 3
143 285 4
143 286 4
143 288 2
143 293 4
143 297 4
143 298 3
143 300 3
143 302 3
143 303 4
143 304 4
143 307 1
143 313 5
143 316 5
143 318 5
143 319 3
143 326 4
143 327 3
143 328 3
143 333 3
143 343 2
143 357 4
143 393 4
143 403 3
143 405 4
143 410 3
143 423 5
143 435 4
143 454 3
143 461 4
143 466 2
143 470 2
143 471 4
143 474 4
143 475 1
143 476 2
143 478 4
143 480 4
143 500 4
143 508 4
143 514 5
143 516 2
143 518 3
143 521 4
143 523 5
143 524 5
143 528 4
143 531 5
143 533 4
143 588 4
143 591 3
143 597 4
143 632 4
143 647 4
143 651 4
143 654 4
143 655 5
143 685 3
143 699 4
143 707 3
143 709 4
143 713 4
143 727 3
143 729 4
143 742 4
143 747 5
143 750 4
143 751 4
143 762 3
143 778 4
143 785 4
143 815 1
143 823 3
143 831 3
143 845 4
143 847 4
143 855 4
143 880 5
143 900 4
143 942 4
143 956 4
143 960 2
143 961 3
143 963 4
144 405 3
144 406 3
144 407 2
144 410 4
144 411 2
144 412 4
144 413 3
144 431 5
144 443 3
144 447 5
144 448 5
144 450 3
144 452 3
144 454 1
144 460 1
144 470 5
144 471 4
144 472 3
144 477 2
144 486 3
144 510 4
144 515 5
144 546 3
144 549 5
144 552 5
144 553 3
144 554 3
144 558 2
144 559 2
144 563 3
144 566 5
144 569 4
144 572 5
144 574 2
144 591 4
144 592 3
144 595 3
144 597 4
144 603 5
144 620 3
144 631 4
144 635 4
144 636 4
144 637 3
144 642 3
144 650 4
144 652 5
144 665 5
144 672 3
144 673 4
144 674 4
144 678 2
144 680 3
144 682 3
144 683 3
144 684 5
144 685 4
144 687 2
144 688 4
144 690 4
144 692 2
144 696 3
144 713 4
144 717 3
144 727 2
144 728 2
144 731 3
144 732 4
144 737 2
144 738 3
144 739 2
144 743 1
144 750 4
144 751 4
144 752 4
144 756 2
144 760 2
144 761 4
144 762 3
144 763 4
144 764 2
144 767 2
144 770 1
144 771 2
144 789 4
144 796 3
144 800 2
144 816 5
144 820 2
144 821 3
144 823 3
144 825 4
144 826 2
144 831 1
144 859 3
144 877 2
144 879 5
144 890 2
144 892 2
144 894 1
144 895 3
144 896 2
144 898 1
144 901 1
144 924 2
144 925 4
144 928 3
144 929 2
144 930 2
144 933 1
144 934 1
144 939 4
144 949 4
144 974 1
144 977 3
144 979 3
144 983 1
144 988 1
144 993 3
145 315 5
145 319 4
145 327 3
145 328 3
145 331 5
145 336 5
145 340 4
145 345 4
145 346 4
145 347 3
145 688 1
146 339 5
146 340 4
146 345 4
146 690 4
146 750 5
146 751 2
146 898 5
146 904 5
146 937 3
147 191 1
147 204 3
147 209 5
147 214 5
147 222 4
147 227 4
147 228 4
147 234 3
147 357 5
147 408 5
147 418 3
147 432 5
147 473 5
147 474 5
147 495 4
147 496 3
147 501 4
147 507 5
147 509 5
147 521 1
147 529 5
147 549 3
147 588 4
147 596 5
147 663 5
147 713 3
147 993 4
148 319 2
148 321 2
148 323 2
148 325 2
148 326 3
148 327 2
148 328 2
148 337 2
148 338 2
148 346 4
148 678 2
148 689 2
148 874 3
148 896 4
149 246 5
149 268 5
149 273 4
149 276 5
149 278 2
149 288 4
149 293 4
149 319 4
149 324 4
149 325 1
149 410 4
149 458 4
149 475 5
149 628 4
150 411 4
150 414 5
150 417 3
150 419 3
150 420 5
150 425 4
150 428 5
150 429 5
150 430 4
150 432 5
150 433 3
150 435 4
150 443 5
150 448 2
150 451 5
150 461 4
150 462 4
150 463 5
150 464 4
150 466 5
150 469 1
150 470 3
150 473 4
150 474 5
150 476 3
150 478 5
150 480 5
150 481 3
150 482 4
150 483 5
150 484 4
150 485 5
150 486 5
150 487 5
150 488 4
150 489 5
150 490 5
150 492 3
150 494 4
150 496 4
150 497 5
150 499 5
150 503 3
150 504 4
150 505 5
150 506 4
150 507 5
150 509 4
150 512 5
150 514 4
150 516 5
150 517 2
150 522 5
150 523 5
150 525 4
150 528 5
150 529 5
150 546 2
150 549 4
150 561 3
150 566 3
150 582 5
150 584 3
150 602 4
150 603 5
150 605 4
150 606 5
150 609 4
150 614 4
150 627 2
150 628 5
150 631 3
150 632 4
150 633 5
150 638 5
150 642 3
150 652 5
150 654 4
150 655 4
150 657 5
150 659 5
150 660 4
150 661 4
150 662 4
150 663 4
150 675 2
150 684 3
150 692 3
150 699 4
150 702 3
150 703 4
150 707 4
150 709 5
150 716 2
150 724 4
150 729 4
150 732 4
150 735 5
150 736 4
150 741 2
150 747 3
150 748 2
150 755 3
150 761 3
150 770 4
150 775 2
150 781 3
150 782 4
150 792 4
150 813 4
150 826 1
150 835 5
150 837 4
150 845 4
150 847 5
150 919 5
150 929 3
150 939 4
150 952 3
150 953 5
150 956 4
150 962 1
150 965 5
150 969 5
150 971 5
150 972 4
151 275 4
151 278 4
151 280 5
151 284 5
151 286 5
151 301 3
151 313 4
151 354 3
151 364 4
151 371 4
151 402 5
151 410 4
151 411 4
151 412 2
151 423 5
151 483 5
151 487 5
151 504 4
151 527 4
151 549 4
151 596 2
151 632 4
151 685 5
151 692 5
151 699 5
151 716 5
151 720 5
151 724 5
151 739 5
151 740 4
151 775 4
151 778 3
151 780 5
151 781 5
151 783 4
151 785 5
151 790 5
151 794 5
151 845 3
151 866 5
151 871 3
151 966 5
152 216 2
152 258 5
152 265 4
152 294 2
152 321 3
152 323 2
152 325 2
152 357 5
152 510 3
152 678 2
153 324 2
153 333 3
153 357 4
153 414 4
153 462 3
153 474 5
153 479 4
153 480 5
153 482 4
153 484 4
153 488 4
153 515 4
153 527 4
153 640 5
153 642 3
153 651 4
153 708 4
153 806 4
153 874 3
153 919 4
153 945 3
154 325 2
154 326 2
154 327 2
154 328 2
154 331 3
154 332 2
154 748 2
154 988 2
154 990 3
155 197 5
155 205 3
155 211 4
155 276 3
155 317 4
155 318 4
155 346 3
155 357 4
155 510 4
155 515 3
155 641 5
155 651 4
155 661 4
155 772 3
155 806 3
156 276 4
156 283 4
156 286 5
156 289 4
156 290 4
156 293 5
156 298 4
156 313 5
156 340 5
156 405 3
156 407 4
156 410 4
156 476 1
156 508 5
156 515 5
156 597 3
156 685 3
156 740 2
156 748 2
156 934 2
157 233 3
157 235 1
157 238 5
157 239 3
157 241 4
157 244 4
157 250 4
157 252 3
157 271 4
157 273 3
157 275 5
157 277 4
157 283 5
157 284 5
157 286 4
157 293 4
157 325 4
157 367 4
157 373 2
157 399 3
157 403 4
157 408 5
157 410 3
157 414 4
157 430 5
157 433 3
157 435 5
157 449 2
157 450 3
157 455 4
157 471 4
157 472 3
157 483 5
157 502 4
157 510 3
157 511 5
157 516 5
157 525 5
157 530 4
157 544 2
157 546 3
157 550 3
157 562 4
157 566 3
157 568 4
157 570 3
157 576 4
157 580 4
157 583 3
157 593 4
157 636 4
157 652 4
157 659 5
157 665 2
157 684 3
157 686 5
157 694 5
157 729 3
157 731 2
157 742 4
157 744 4
157 745 4
157 770 5
157 797 3
157 798 4
157 803 3
157 809 3
157 810 4
157 823 2
157 825 4
157 866 2
157 985 4
158 323 4
158 326 3
158 328 3
158 333 5
158 364 1
158 405 5
158 411 3
158 412 3
158 451 5
158 456 3
158 471 4
158 476 5
158 546 4
158 588 2
158 595 5
158 628 3
158 678 5
158 685 4
158 748 3
158 756 4
158 815 3
158 829 4
158 831 2
158 832 3
158 866 5
158 871 4
158 872 1
158 876 2
158 877 3
158 881 1
158 918 4
158 930 4
158 948 2
158 988 3
159 240 4
159 248 5
159 273 5
159 276 5
159 282 4
159 285 4
159 293 5
159 328 3
159 405 3
159 410 4
159 412 3
159 430 5
159 432 3
159 447 4
159 455 4
159 460 2
159 461 5
159 462 4
159 463 4
159 474 4
159 475 5
159 483 5
159 484 5
159 497 4
159 508 5
159 514 4
159 531 5
159 544 4
159 564 3
159 589 3
159 603 4
159 604 4
159 640 3
159 671 5
159 693 5
159 719 3
159 762 3
159 763 4
159 770 4
159 825 2
159 844 3
159 864 1
159 922 5
159 926 2
159 933 3
159 955 4
159 969 1
160 215 2
160 257 3
160 265 2
160 272 5
160 274 2
160 276 5
160 284 3
160 286 2
160 309 2
160 315 5
160 316 5
160 318 3
160 428 3
160 435 2
160 473 1
160 483 3
160 486 1
160 487 3
160 496 3
160 508 2
160 523 3
160 582 1
160 640 2
160 654 3
160 898 3
161 208 3
161 222 4
161 230 2
161 237 4
161 254 3
161 298 4
161 358 3
161 403 3
161 508 5
161 544 4
161 597 4
161 628 4
161 685 3
161 710 4
161 742 4
161 943 4
162 286 3
162 288 3
162 300 3
162 301 3
162 305 2
162 318 4
162 347 4
162 357 4
162 433 1
162 879 2
163 342 2
163 370 5
163 405 5
163 406 2
163 407 2
163 411 2
163 458 4
163 471 5
163 472 5
163 515 4
163 597 4
163 619 4
163 620 3
163 678 4
163 685 5
163 689 5
163 717 3
163 742 5
163 748 5
163 751 4
163 823 4
163 825 4
163 845 3
163 866 5
163 926 2
163 930 4
163 934 5
163 984 4
164 260 3
164 270 4
164 288 2
164 304 3
164 318 5
164 325 4
164 328 3
164 332 4
164 372 5
164 419 4
164 500 3
164 651 5
165 323 5
165 328 5
165 343 4
165 346 1
165 347 5
165 748 2
165 751 4
165 894 4
165 984 5
166 392 1
166 404 3
166 435 5
166 478 5
166 486 4
166 493 4
166 512 5
166 513 4
166 521 5
166 530 5
166 568 3
166 603 4
166 615 5
166 655 4
166 659 4
166 673 4
166 675 1
166 698 4
166 719 1
166 726 1
166 733 2
166 735 4
166 831 3
166 949 1
167 288 1
167 291 4
167 294 4
167 295 4
167 300 5
167 313 5
167 323 3
167 325 1
167 405 4
167 409 4
167 411 1
167 458 1
167 472 3
167 473 2
167 596 4
167 597 3
167 619 3
167 678 1
167 685 3
167 742 5
167 744 5
167 748 2
167 763 2
167 819 4
167 866 5
167 871 3
167 930 3
167 988 2
168 308 3
168 321 3
168 331 5
168 429 3
168 443 4
168 480 4
168 483 3
168 495 3
168 498 3
168 499 3
168 603 5
168 604 4
168 683 3
168 684 5
168 705 5
168 879 5
169 326 5
169 328 3
169 333 4
169 348 3
169 687 3
169 749 5
169 876 3
169 881 3
169 984 5
169 988 3
170 306 3
170 310 4
170 313 4
170 315 4
170 327 4
170 340 3
170 344 3
170 346 4
170 354 3
170 690 3
170 887 4
170 906 3
171 483 3
171 485 3
171 488 3
171 514 3
171 580 4
171 582 4
171 603 3
171 606 3
171 612 3
171 657 3
171 697 3
171 772 1
172 322 4
172 323 5
172 324 5
172 327 5
172 328 5
172 331 4
172 332 4
172 334 4
172 678 3
172 687 1
172 690 5
172 874 4
172 879 5
172 880 4
172 937 4
172 938 3
172 984 4
172 995 5
173 323 1
173 332 5
173 333 4
173 340 5
173 347 4
173 364 1
173 368 1
173 369 1
173 371 5
173 381 5
173 383 1
173 386 1
173 388 1
173 393 4
173 395 1
173 396 1
173 401 1
173 402 5
173 412 1
173 415 3
173 417 4
173 423 2
173 433 5
173 451 5
173 456 1
173 458 4
173 471 5
173 476 4
173 546 3
173 553 5
173 571 1
173 575 1
173 577 1
173 597 3
173 623 3
173 655 5
173 660 5
173 662 5
173 696 4
173 699 5
173 709 4
173 715 3
173 716 5
173 721 2
173 722 4
173 723 5
173 724 5
173 739 5
173 742 4
173 747 5
173 762 5
173 763 1
173 764 4
173 768 1
173 780 1
173 823 4
173 843 2
173 845 5
173 846 5
173 862 1
173 871 1
173 902 3
173 905 3
173 937 5
173 949 5
173 950 3
173 953 5
174 176 3
174 183 4
174 186 4
174 193 4
174 195 3
174 215 5
174 234 5
174 273 2
174 419 5
174 483 5
174 496 5
174 508 1
174 629 3
174 660 3
174 661 4
174 669 1
175 297 3
175 298 4
175 303 3
175 305 5
175 319 3
175 321 4
175 324 5
175 325 3
175 327 3
175 328 4
175 343 2
175 347 4
175 405 2
175 475 5
175 508 3
175 741 3
175 750 4
175 751 1
175 874 4
175 875 4
175 876 3
175 881 3
175 919 2
175 927 3
175 948 4
175 952 2
176 243 1
176 245 3
176 258 3
176 260 2
176 268 3
176 270 1
176 271 2
176 276 5
176 288 5
176 289 2
176 292 3
176 294 4
176 299 4
176 300 2
176 302 4
176 318 4
176 321 2
176 322 2
176 324 4
176 333 4
176 334 3
176 336 2
176 338 3
176 340 4
176 343 3
176 358 2
176 403 5
176 421 3
176 433 4
176 469 4
176 470 5
176 475 4
176 508 4
176 527 4
176 568 3
176 628 2
176 642 4
176 651 3
176 654 4
176 678 3
176 689 3
176 693 4
176 806 4
176 878 1
176 919 4
176 948 2
176 960 3
176 963 4
177 276 3
177 280 4
177 281 3
177 282 3
177 284 4
177 286 3
177 288 5
177 293 4
177 294 2
177 298 2
177 300 5
177 302 4
177 304 4
177 313 5
177 316 4
177 317 4
177 318 5
177 319 1
177 322 3
177 323 3
177 326 4
177 332 3
177 333 3
177 340 1
177 342 4
177 354 4
177 358 1
177 363 3
177 367 4
177 385 4
177 405 3
177 423 4
177 427 5
177 431 4
177 433 4
177 435 4
177 454 4
177 455 3
177 458 3
177 460 2
177 465 3
177 469 3
177 472 4
177 476 3
177 478 5
177 480 3
177 483 4
177 484 4
177 491 4
177 495 4
177 500 4
177 506 3
177 508 3
177 510 4
177 520 5
177 535 3
177 540 3
177 546 3
177 549 4
177 566 4
177 568 4
177 578 4
177 591 5
177 596 3
177 597 4
177 607 3
177 619 3
177 625 3
177 651 4
177 654 3
177 655 4
177 658 5
177 678 3
177 679 4
177 682 3
177 685 4
177 696 4
177 720 3
177 724 4
177 729 4
177 731 4
177 735 5
177 739 4
177 742 3
177 744 3
177 746 3
177 748 4
177 751 4
177 756 3
177 762 3
177 763 4
177 764 3
177 781 4
177 783 4
177 790 3
177 792 5
177 809 4
177 819 2
177 845 4
177 846 3
177 849 3
177 864 2
177 866 4
177 876 2
177 877 2
177 895 3
177 926 4
177 978 2
177 984 2
178 339 1
178 340 4
178 345 1
178 346 3
178 354 4
178 362 1
178 690 1
178 691 3
178 750 1
178 751 1
178 893 2
178 895 5
178 902 1
178 905 4
178 914 5
178 917 3
179 372 5
179 380 5
179 403 3
179 421 5
179 423 4
179 431 4
179 433 5
179 462 5
179 469 5
179 631 5
179 658 5
179 660 5
179 684 5
179 694 5
179 716 1
179 729 5
179 732 3
179 733 5
179 737 3
179 739 3
179 747 4
179 762 4
179 778 2
179 785 4
179 790 1
179 939 4
179 961 5
180 411 3
180 412 2
180 413 2
180 424 1
180 455 1
180 456 1
180 457 1
180 458 3
180 459 1
180 460 1
180 471 2
180 472 1
180 475 2
180 476 4
180 477 1
180 547 1
180 591 4
180 595 2
180 597 3
180 598 1
180 619 3
180 620 2
180 628 3
180 676 3
180 680 1
180 681 1
180 682 4
180 683 1
180 688 1
180 690 3
180 696 2
180 718 1
180 740 2
180 741 1
180 742 4
180 744 2
180 748 1
180 749 1
180 756 2
180 758 1
180 760 1
180 762 2
180 763 1
180 764 1
180 766 1
180 767 1
180 813 2
180 818 1
180 819 3
180 820 1
180 823 2
180 824 1
180 825 1
180 827 2
180 828 1
180 829 1
180 831 1
180 832 1
180 833 1
180 834 3
180 840 1
180 841 1
180 844 1
180 845 3
180 846 3
180 847 1
180 864 2
180 866 1
180 870 2
180 872 1
180 873 1
180 874 1
180 875 3
180 876 1
180 877 2
180 878 1
180 879 2
180 881 1
180 882 1
180 883 1
180 884 1
180 885 1
180 886 1
180 887 1
180 919 1
180 920 1
180 922 1
180 924 3
180 925 2
180 926 1
180 927 1
180 928 3
180 929 1
180 930 1
180 931 1
180 932 1
180 933 1
180 934 3
180 937 3
180 938 1
180 948 1
180 950 1
180 952 1
180 974 4
180 975 2
180 976 1
180 977 1
180 978 1
180 979 2
180 980 1
180 981 1
180 982 1
180 983 2
180 984 1
180 985 1
180 986 2
180 989 1
180 990 1
180 991 1
180 995 1
181 203 3
181 222 3
181 237 3
181 257 3
181 283 2
181 293 3
181 423 5
181 471 4
181 479 5
181 596 5
181 763 3
181 845 3
181 864 4
182 228 4
182 229 3
182 230 5
182 241 4
182 250 2
182 257 2
182 265 2
182 270 3
182 273 4
182 294 3
182 331 3
182 356 3
182 375 2
182 380 4
182 405 4
182 431 2
182 450 3
182 483 5
182 485 5
182 562 3
182 720 4
183 340 5
183 357 5
183 378 4
183 381 4
183 382 5
183 393 4
183 396 3
183 399 3
183 401 3
183 402 3
183 403 3
183 405 2
183 410 3
183 411 3
183 412 2
183 423 4
183 428 4
183 443 3
183 447 3
183 451 4
183 458 3
183 462 4
183 473 4
183 476 2
183 478 4
183 483 5
183 485 4
183 487 4
183 488 5
183 492 4
183 496 5
183 497 4
183 498 5
183 506 4
183 508 4
183 511 4
183 512 4
183 514 5
183 515 5
183 517 4
183 521 4
183 522 3
183 523 4
183 527 4
183 528 5
183 529 4
183 531 4
183 553 3
183 559 3
183 568 2
183 582 4
183 584 3
183 588 5
183 591 3
183 596 4
183 602 4
183 604 4
183 606 5
183 631 4
183 632 5
183 639 3
183 640 4
183 642 4
183 644 4
183 645 3
183 647 5
183 651 3
183 654 4
183 655 3
183 657 4
183 660 3
183 664 3
183 665 2
183 692 4
183 693 3
183 694 5
183 699 5
183 707 4
183 708 4
183 715 4
183 716 3
183 724 4
183 729 3
183 736 3
183 738 3
183 739 3
183 742 3
183 747 3
183 766 3
183 780 4
183 805 3
183 813 4
183 836 4
183 845 3
183 855 4
183 942 3
183 945 4
183 949 3
183 950 4
183 956 3
183 972 3
183 995 3
184 269 5
184 275 4
184 276 4
184 279 4
184 285 5
184 286 4
184 287 5
184 318 4
184 321 5
184 423 5
184 447 4
184 514 5
184 515 4
184 528 4
184 638 4
184 690 4
184 701 3
184 740 4
184 939 3
185 327 3
185 330 4
185 332 4
185 333 3
185 338 3
185 356 5
185 385 4
185 406 1
185 470 5
185 477 4
185 540 4
185 546 4
185 550 4
185 554 1
185 566 5
185 568 4
185 588 4
185 591 4
185 595 3
185 596 4
185 684 4
185 689 4
185 717 3
185 742 3
185 754 2
185 770 2
185 820 2
185 829 4
185 880 3
185 887 4
185 925 5
185 934 3
185 939 5
185 977 3
185 983 3
185 988 4
186 214 4
186 215 3
186 216 5
186 241 3
186 275 5
186 423 4
186 427 5
186 428 4
186 433 4
186 435 4
186 462 5
186 522 3
186 523 3
186 582 1
186 651 5
186 659 5
186 660 5
186 663 3
186 732 3
186 735 4
186 736 4
186 747 4
186 792 5
187 218 5
187 226 3
187 233 3
187 234 4
187 237 3
187 240 1
187 265 5
187 281 3
187 288 4
187 294 2
187 318 5
187 326 3
187 357 4
187 392 5
187 419 5
187 443 4
187 462 4
187 468 4
187 470 5
187 474 4
187 483 5
187 485 3
187 498 5
187 504 3
187 510 3
187 511 2
187 519 4
187 553 4
187 554 2
187 566 5
187 568 4
187 591 5
187 628 5
187 629 4
187 632 5
187 651 4
187 673 4
187 678 3
187 692 5
187 717 4
187 732 3
187 742 5
187 764 4
187 769 2
187 792 2
187 864 2
187 877 2
187 928 3
187 930 4
188 248 4
188 253 4
188 268 4
188 274 4
188 275 5
188 276 3
188 281 2
188 283 5
188 294 5
188 313 2
188 317 4
188 378 4
188 381 3
188 418 3
188 423 5
188 433 5
188 462 5
188 474 5
188 479 5
188 480 5
188 483 5
188 484 5
188 485 4
188 487 5
188 492 3
188 496 5
188 499 4
188 500 5
188 501 4
188 503 3
188 505 5
188 510 5
188 512 4
188 513 4
188 516 1
188 517 4
188 520 5
188 526 4
188 527 5
188 596 3
188 603 5
188 607 4
188 618 2
188 630 4
188 632 5
188 634 3
188 638 5
188 639 4
188 647 4
188 652 5
188 654 3
188 656 4
188 657 5
188 661 4
188 663 3
188 694 4
188 705 4
188 732 2
188 742 3
188 751 4
188 815 3
188 820 1
188 847 4
188 855 3
188 863 4
188 914 2
188 934 2
188 952 5
188 990 3
189 340 1
189 354 4
189 363 2
189 405 4
189 471 5
189 508 3
189 539 2
189 544 4
189 546 3
189 591 4
189 597 2
189 628 4
189 685 3
189 696 3
189 717 3
189 742 3
189 748 3
189 751 4
189 823 2
189 895 3
189 898 2
189 974 2
189 977 2
189 989 3
190 331 4
190 332 2
190 339 3
190 340 4
190 343 3
190 345 4
190 750 4
190 751 3
190 752 3
190 754 3
190 891 3
190 896 3
190 900 4
191 258 5
191 276 2
191 277 3
191 284 5
191 301 4
191 302 5
191 340 4
191 476 2
191 515 4
191 813 4
191 948 3
192 310 4
192 313 4
192 327 1
192 328 3
192 332 3
192 343 1
192 352 1
192 354 3
192 362 3
192 366 4
192 368 1
192 393 4
192 402 3
192 403 3
192 407 4
192 410 3
192 412 3
192 435 4
192 443 4
192 465 3
192 476 2
192 485 5
192 508 4
192 541 1
192 553 4
192 554 3
192 562 3
192 580 4
192 627 4
192 673 4
192 682 1
192 684 4
192 689 2
192 693 4
192 722 3
192 739 4
192 742 4
192 750 4
192 755 4
192 763 3
192 781 3
192 790 3
192 815 3
192 827 2
192 845 4
192 869 3
192 871 3
192 879 3
192 895 1
192 905 4
192 928 2
192 941 4
193 317 4
193 321 3
193 356 2
193 357 4
193 366 2
193 367 3
193 371 3
193 376 2
193 380 1
193 383 1
193 385 2
193 387 2
193 393 2
193 402 3
193 403 2
193 404 3
193 405 2
193 410 3
193 414 3
193 417 2
193 419 2
193 423 3
193 425 2
193 427 4
193 431 4
193 432 4
193 433 3
193 443 3
193 449 1
193 450 1
193 451 2
193 456 1
193 465 3
193 466 4
193 467 5
193 470 3
193 471 3
193 474 4
193 478 3
193 479 3
193 481 3
193 482 3
193 483 4
193 485 3
193 488 3
193 491 3
193 498 3
193 503 4
193 504 2
193 507 4
193 509 3
193 510 4
193 511 4
193 514 3
193 516 3
193 517 3
193 519 4
193 520 5
193 521 4
193 523 5
193 526 4
193 527 4
193 529 4
193 530 4
193 540 1
193 542 3
193 546 3
193 549 3
193 559 2
193 562 2
193 566 4
193 568 2
193 576 2
193 580 4
193 582 1
193 588 4
193 616 3
193 623 1
193 624 2
193 625 3
193 628 3
193 629 3
193 631 2
193 633 3
193 636 2
193 640 1
193 642 2
193 647 4
193 648 4
193 651 3
193 655 5
193 657 4
193 659 4
193 660 3
193 663 4
193 674 2
193 692 2
193 693 4
193 705 2
193 708 3
193 720 2
193 732 3
193 735 4
193 736 2
193 737 4
193 739 3
193 744 3
193 756 1
193 762 3
193 770 4
193 780 2
193 783 2
193 792 4
193 808 2
193 820 1
193 837 4
193 864 2
193 871 2
193 939 3
193 941 2
193 944 2
193 946 3
193 951 3
193 971 3
193 991 2
193 997 3
194 328 4
194 358 2
194 373 3
194 384 2
194 386 2
194 387 4
194 407 2
194 413 3
194 421 4
194 431 3
194 433 3
194 451 5
194 469 3
194 477 2
194 496 4
194 500 4
194 508 3
194 558 3
194 582 4
194 591 4
194 636 2
194 651 5
194 678 3
194 740 3
194 748 2
194 751 4
194 753 3
194 771 2
194 779 2
194 797 3
194 809 3
194 823 4
194 831 2
194 877 3
194 887 4
194 921 3
194 982 2
195 257 2
195 285 5
195 286 5
195 287 3
195 306 4
195 340 3
195 381 4
195 382 4
195 393 4
195 411 4
195 428 4
195 580 2
195 655 5
195 663 5
195 692 5
195 762 3
195 845 4
196 313 4
196 316 4
196 321 3
196 322 3
196 323 3
196 326 3
196 328 4
196 332 2
196 333 2
196 340 2
196 344 4
196 346 3
196 347 4
196 354 2
196 362 4
196 373 1
196 385 2
196 399 2
196 403 3
196 431 3
196 435 5
196 449 5
196 510 5
196 511 5
196 515 5
196 518 1
196 526 5
196 530 3
196 538 3
196 550 3
196 554 4
196 566 4
196 570 4
196 578 3
196 586 3
196 651 5
196 665 4
196 678 2
196 679 1
196 684 4
196 688 1
196 690 3
196 720 2
196 748 3
196 750 5
196 770 3
196 779 2
196 808 3
196 849 3
196 879 4
196 880 3
196 895 3
196 947 2
197 218 3
197 222 3
197 228 3
197 229 3
197 234 3
197 237 2
197 241 3
197 248 3
197 249 2
197 258 4
197 265 3
197 276 3
197 280 3
197 291 2
197 298 1
197 300 2
197 318 4
197 323 2
197 356 3
197 357 5
197 369 1
197 381 3
197 382 4
197 385 3
197 402 3
197 403 4
197 405 2
197 410 1
197 411 1
197 427 4
197 429 4
197 431 3
197 433 2
197 434 3
197 447 4
197 455 3
197 462 3
197 480 4
197 498 3
197 501 4
197 509 4
197 511 4
197 518 3
197 527 4
197 531 5
197 549 3
197 559 3
197 568 3
197 581 3
197 629 4
197 631 3
197 636 3
197 640 3
197 651 4
197 652 3
197 654 5
197 655 4
197 658 3
197 660 4
197 690 3
197 692 2
197 693 3
197 707 2
197 727 4
197 746 4
197 748 2
197 763 3
197 820 1
197 823 2
197 824 2
197 871 1
197 923 3
197 959 3
197 979 5
198 294 1
198 313 4
198 322 2
198 323 3
198 324 1
198 405 2
198 408 5
198 473 4
198 475 5
198 508 4
198 539 1
198 678 1
198 687 1
198 892 1
198 948 1
198 988 1
198 989 1
199 318 5
199 323 3
199 325 5
199 357 5
199 358 5
199 363 3
199 365 5
199 373 4
199 378 5
199 385 5
199 391 4
199 392 5
199 393 4
199 401 2
199 402 4
199 405 3
199 409 2
199 410 3
199 411 3
199 419 4
199 420 5
199 423 5
199 431 5
199 432 5
199 443 5
199 449 5
199 451 4
199 455 3
199 462 4
199 472 4
199 473 4
199 478 5
199 483 5
199 495 3
199 496 5
199 501 4
199 509 4
199 515 5
199 527 4
199 528 4
199 542 3
199 546 3
199 549 4
199 552 4
199 559 4
199 560 4
199 568 5
199 570 4
199 576 4
199 578 5
199 580 2
199 582 4
199 584 4
199 586 4
199 588 5
199 596 4
199 597 4
199 609 3
199 622 3
199 652 2
199 660 3
199 665 4
199 673 5
199 674 4
199 679 4
199 685 4
199 692 3
199 717 4
199 720 4
199 739 4
199 742 4
199 743 3
199 748 3
199 755 5
199 756 3
199 758 3
199 760 4
199 768 4
199 771 4
199 802 4
199 820 3
199 826 4
199 831 4
199 840 4
199 841 3
199 866 4
199 890 4
199 892 4
199 924 5
199 929 4
199 951 5
199 982 2
199 984 3
