301 191 2
301 204 3
301 269 2
301 283 2
301 423 2
301 484 1
301 515 3
301 604 4
302 243 1
302 269 3
302 286 2
302 313 3
302 315 3
302 326 2
302 328 2
302 333 2
302 678 2
303 258 4
303 268 4
303 269 4
303 294 3
303 300 3
303 303 4
303 305 3
303 325 3
303 333 3
303 340 4
303 682 3
303 995 4
304 64 4
304 143 5
304 194 4
304 245 3
304 286 3
304 418 5
304 480 5
304 492 4
304 604 5
304 606 5
304 705 5
305 137 2
305 272 3
305 327 4
305 650 3
305 651 3
305 750 5
305 886 2
306 121 3
306 126 3
306 127 3
306 151 3
306 252 3
306 289 3
306 405 3
306 924 3
307 111 4
307 118 3
307 181 2
307 220 3
307 252 3
307 258 4
307 298 3
307 301 4
307 471 3
307 476 3
307 546 4
307 845 4
307 926 2
308 245 1
308 288 3
308 300 4
308 873 5
308 879 2
309 268 5
309 270 3
309 292 3
309 300 2
309 302 4
309 310 4
309 313 5
309 332 2
309 346 3
309 682 2
309 690 2
309 880 3
310 21 3
310 94 3
310 181 3
310 240 3
310 300 3
310 596 3
310 597 2
311 64 4
311 111 3
311 151 3
311 251 4
311 257 4
311 272 4
311 750 5
311 751 3
312 1 4
312 9 4
312 100 4
312 129 4
312 268 4
312 276 3
312 286 4
312 300 3
312 742 3
313 243 2
313 286 4
313 288 2
313 310 3
313 313 3
313 315 4
313 323 2
313 333 4
313 748 4
314 258 4
314 272 4
314 288 3
314 319 4
314 362 4
314 882 3
314 891 1
315 243 4
315 259 4
315 288 3
315 294 4
315 321 3
315 339 4
315 342 4
315 359 3
315 410 4
315 597 3
315 687 5
315 875 4
315 988 3
316 14 3
316 237 3
316 245 3
316 272 4
316 313 4
316 321 3
316 676 2
317 272 3
317 315 3
317 316 3
317 319 3
317 345 4
318 98 5
318 173 4
318 245 3
318 269 5
318 286 4
318 288 3
318 294 4
318 301 4
318 313 4
318 315 3
318 347 3
318 752 4
319 271 4
319 288 2
319 289 2
319 301 4
319 304 4
319 308 3
319 310 2
319 331 2
319 338 3
319 877 3
319 938 2
319 989 3
320 269 4
320 271 3
320 288 4
320 294 2
320 300 3
320 305 4
320 325 3
320 327 3
320 333 3
320 343 2
320 890 2
321 100 4
321 150 3
321 151 3
321 168 3
321 191 3
321 194 4
321 198 3
321 205 5
321 222 3
321 276 4
321 288 4
321 313 4
321 682 2
321 902 4
322 1 2
322 24 3
322 147 1
322 254 2
322 405 2
322 410 4
322 471 2
322 473 3
322 742 2
323 100 4
323 264 3
323 328 4
323 456 4
323 687 1
323 876 4
323 881 4
323 948 4
324 245 2
324 270 3
324 289 2
324 294 2
324 309 3
324 322 2
324 328 2
324 879 2
325 237 3
325 271 1
325 278 2
325 288 3
325 298 1
325 300 3
325 313 2
325 328 3
325 343 3
325 682 3
325 742 4
325 763 2
326 13 3
326 25 4
326 100 4
326 111 4
326 116 4
326 150 4
326 235 3
326 283 4
326 306 4
326 476 2
326 756 2
327 258 4
327 300 2
327 303 3
327 319 3
327 333 3
327 334 3
328 14 4
328 50 4
328 222 3
328 258 4
328 748 2
328 832 2
328 845 3
329 245 4
329 264 3
329 268 4
329 322 4
329 323 2
329 328 4
329 354 3
329 678 4
329 748 3
329 879 3
330 259 3
330 267 4
330 268 3
330 301 3
330 306 3
330 333 4
330 338 3
330 346 3
330 682 4
330 751 3
330 879 3
331 1 4
331 5 4
331 7 4
331 8 5
331 9 3
331 11 5
331 12 3
331 22 4
331 31 4
331 38 5
331 53 5
331 54 4
331 56 3
331 70 4
331 73 5
331 77 5
331 79 4
331 82 5
331 95 5
331 96 5
331 97 4
331 98 4
331 105 3
331 106 4
331 117 4
331 118 4
331 120 5
331 121 5
331 122 1
331 123 4
331 125 5
331 127 3
331 144 4
331 156 3
331 159 3
331 172 5
331 174 4
331 181 5
331 182 3
331 204 5
331 210 5
331 218 4
331 222 5
331 227 5
331 228 5
331 229 3
331 230 5
331 232 4
331 233 5
331 234 5
331 235 2
331 237 4
331 240 4
331 249 3
331 255 5
331 257 3
331 258 5
331 264 4
331 265 4
331 271 5
331 273 2
331 282 4
331 288 4
331 291 4
331 293 3
331 294 4
331 295 4
331 298 5
331 300 5
331 307 5
331 313 5
331 322 4
331 323 4
331 326 4
331 327 4
331 328 4
331 332 4
331 333 4
331 342 4
331 356 3
331 369 4
331 370 4
331 405 4
331 406 3
331 409 4
331 410 3
331 449 3
331 450 3
331 451 5
331 452 3
331 456 3
331 470 4
331 546 5
331 566 4
331 595 4
331 597 4
331 628 4
331 651 5
331 655 4
331 660 5
331 673 5
331 679 3
331 684 4
331 693 4
331 696 4
331 728 2
331 746 3
331 756 3
331 763 5
331 770 5
331 815 5
331 824 4
331 827 4
331 831 5
331 833 5
331 840 5
331 841 2
331 845 5
331 866 3
331 871 5
331 879 4
331 895 4
331 928 4
331 931 3
331 934 4
331 975 4
331 978 3
331 982 3
331 983 3
332 88 3
332 153 3
332 168 4
332 180 4
332 186 4
332 269 4
332 294 3
332 315 4
332 316 4
332 435 4
332 513 4
332 748 3
332 873 3
333 4 3
333 7 4
333 8 4
333 9 4
333 12 4
333 13 4
333 19 4
333 20 4
333 22 4
333 23 4
333 28 4
333 42 4
333 50 4
333 52 4
333 56 4
333 58 3
333 59 4
333 61 4
333 68 3
333 69 4
333 70 4
333 72 3
333 73 4
333 74 4
333 77 3
333 79 4
333 81 4
333 86 2
333 89 4
333 91 4
333 93 4
333 95 4
333 98 4
333 100 4
333 111 3
333 115 4
333 116 4
333 117 3
333 124 4
333 125 3
333 127 4
333 131 4
333 132 4
333 134 4
333 135 4
333 143 4
333 150 4
333 153 3
333 154 4
333 155 2
333 160 5
333 163 4
333 164 4
333 168 4
333 169 4
333 170 4
333 171 4
333 172 4
333 173 4
333 174 4
333 175 4
333 176 4
333 181 4
333 182 4
333 183 4
333 185 4
333 186 4
333 191 4
333 196 4
333 197 4
333 200 4
333 203 4
333 204 4
333 207 4
333 210 4
333 213 4
333 216 4
333 217 2
333 220 4
333 221 4
333 222 4
333 223 4
333 224 4
333 225 2
333 227 3
333 228 4
333 229 4
333 230 3
333 231 2
333 235 4
333 237 5
333 238 4
333 239 4
333 244 4
333 245 2
333 248 3
333 250 4
333 255 4
333 257 3
333 258 5
333 265 4
333 268 4
333 269 4
333 271 2
333 272 5
333 275 4
333 276 5
333 277 4
333 282 3
333 283 4
333 285 4
333 286 4
333 287 4
333 288 3
333 289 4
333 293 4
333 297 5
333 300 4
333 301 3
333 303 3
333 305 4
333 306 4
333 310 4
333 311 3
333 312 3
333 313 4
333 315 5
333 316 4
333 317 4
333 318 4
333 319 3
333 322 3
333 324 4
333 326 3
333 328 2
333 333 5
333 337 5
333 338 4
333 340 4
333 345 4
333 346 4
333 347 3
333 371 4
333 396 4
333 405 4
333 408 4
333 421 4
333 423 4
333 425 4
333 428 4
333 429 4
333 430 4
333 433 4
333 436 4
333 443 3
333 449 4
333 450 2
333 461 4
333 462 3
333 474 4
333 475 4
333 476 2
333 481 3
333 483 4
333 484 4
333 485 4
333 488 4
333 494 4
333 498 4
333 500 5
333 502 4
333 505 4
333 506 4
333 508 4
333 510 4
333 512 4
333 514 4
333 515 4
333 521 4
333 525 4
333 529 4
333 537 4
333 553 3
333 558 3
333 566 2
333 577 4
333 582 4
333 591 4
333 603 4
333 606 4
333 607 4
333 620 5
333 628 4
333 629 4
333 631 4
333 634 4
333 635 2
333 640 4
333 642 4
333 652 3
333 655 4
333 657 4
333 658 4
333 663 3
333 675 3
333 678 2
333 684 4
333 689 3
333 693 4
333 707 4
333 708 4
333 709 4
333 710 3
333 712 4
333 716 4
333 736 4
333 740 2
333 742 3
333 744 4
333 746 4
333 753 4
333 762 3
333 792 4
333 815 3
333 840 5
333 845 3
333 846 3
333 855 4
333 856 4
333 865 4
333 870 5
333 877 4
333 879 3
333 886 3
333 887 4
333 888 2
333 896 3
333 899 3
333 902 4
333 905 5
333 906 4
333 922 5
333 931 1
333 936 4
333 937 3
333 945 4
333 950 4
333 955 4
333 961 4
333 969 3
334 245 4
334 258 5
334 269 3
334 288 3
334 307 4
334 313 4
334 324 3
334 342 2
334 347 3
334 748 3
334 902 3
335 3 2
335 4 4
335 13 2
335 15 1
335 26 1
335 33 3
335 41 2
335 42 3
335 49 2
335 56 3
335 66 2
335 67 3
335 88 5
335 94 3
335 100 4
335 105 1
335 111 4
335 117 4
335 121 4
335 122 3
335 124 4
335 125 2
335 151 3
335 153 4
335 154 4
335 158 4
335 168 4
335 186 4
335 202 3
335 208 5
335 216 3
335 232 2
335 237 2
335 239 4
335 275 3
335 276 5
335 282 2
335 284 3
335 290 5
335 367 2
335 383 3
335 388 3
335 395 3
335 401 3
335 405 3
335 410 3
335 451 3
335 475 3
335 546 3
335 571 3
335 577 2
335 619 4
335 628 3
335 655 5
335 692 4
335 710 3
335 722 2
335 732 5
335 738 3
335 742 1
335 762 1
335 763 3
335 765 3
335 780 3
335 781 2
335 785 2
335 790 3
335 796 3
335 824 3
335 859 2
335 864 2
335 959 5
335 998 3
335 999 4
336 15 4
336 50 5
336 106 2
336 121 4
336 127 5
336 181 4
336 228 4
336 230 3
336 235 3
336 257 4
336 371 3
336 380 3
336 392 4
336 515 4
336 520 4
336 631 2
336 742 4
336 831 2
337 1 4
337 56 4
337 79 3
337 83 5
337 132 4
337 133 4
337 134 4
337 135 4
337 168 3
337 170 4
337 174 4
337 175 4
337 180 4
337 189 4
337 194 3
337 204 3
337 208 3
337 211 4
337 212 3
337 213 3
337 215 2
337 216 3
337 269 4
337 294 5
337 301 4
337 306 3
337 310 3
337 435 3
337 443 4
337 462 4
337 474 4
337 480 4
337 483 4
337 484 4
337 486 4
337 488 4
337 490 4
337 494 3
337 498 3
337 511 4
337 513 4
337 514 4
337 516 4
337 523 4
337 525 4
337 582 4
337 604 3
337 607 4
337 613 4
337 650 5
337 654 4
337 708 3
337 792 4
337 945 3
338 1 4
338 4 4
338 5 3
338 7 4
338 11 5
338 12 4
338 22 4
338 23 4
338 25 3
338 28 3
338 29 2
338 30 5
338 32 4
338 42 5
338 47 4
338 50 4
338 55 4
338 56 4
338 58 5
338 64 4
338 65 5
338 67 2
338 69 3
338 73 3
338 74 4
338 76 4
338 79 4
338 80 3
338 81 4
338 82 3
338 86 5
338 88 4
338 89 5
338 91 4
338 97 3
338 98 4
338 100 4
338 101 5
338 117 4
338 121 3
338 124 4
338 126 5
338 127 4
338 130 4
338 131 4
338 132 4
338 133 4
338 134 4
338 135 4
338 136 4
338 139 3
338 144 4
338 145 1
338 150 4
338 151 4
338 153 4
338 154 4
338 156 4
338 157 4
338 159 5
338 160 4
338 161 3
338 163 5
338 167 4
338 168 4
338 170 4
338 174 4
338 175 5
338 179 4
338 180 4
338 181 4
338 183 4
338 186 4
338 188 5
338 190 4
338 191 4
338 192 4
338 194 4
338 195 4
338 196 4
338 197 4
338 198 4
338 199 4
338 203 4
338 204 3
338 205 5
338 208 3
338 209 4
338 214 4
338 222 5
338 226 5
338 227 3
338 228 5
338 231 2
338 233 4
338 235 2
338 238 4
338 240 5
338 248 5
338 257 5
338 258 4
338 265 4
338 269 5
338 270 4
338 276 3
338 286 3
338 288 3
338 298 4
338 302 4
338 317 4
338 327 4
338 347 4
338 357 4
338 380 4
338 383 1
338 402 4
338 403 5
338 404 3
338 410 3
338 411 2
338 415 4
338 427 3
338 428 4
338 431 5
338 433 5
338 435 3
338 436 4
338 447 4
338 449 3
338 451 3
338 461 4
338 469 4
338 474 4
338 475 4
338 478 3
338 479 4
338 483 4
338 484 4
338 485 5
338 496 4
338 498 4
338 503 5
338 508 4
338 509 5
338 514 5
338 515 4
338 516 5
338 521 4
338 522 4
338 523 4
338 525 4
338 527 4
338 528 4
338 530 4
338 546 2
338 549 4
338 550 3
338 566 4
338 568 4
338 573 5
338 582 5
338 603 4
338 607 4
338 614 4
338 631 3
338 632 4
338 636 5
338 637 4
338 640 5
338 642 4
338 649 4
338 650 5
338 655 4
338 657 4
338 661 4
338 663 3
338 673 5
338 675 4
338 678 2
338 693 4
338 702 5
338 709 3
338 719 5
338 735 4
338 737 2
338 739 3
338 770 5
338 772 2
338 806 5
338 823 4
338 845 3
338 856 5
338 939 5
338 942 5
338 961 4
339 1 4
339 15 3
339 50 4
339 66 5
339 71 4
339 143 4
339 172 4
339 174 4
339 179 3
339 181 4
339 205 5
339 215 3
339 265 3
339 274 5
339 402 5
339 405 4
339 423 4
339 435 3
339 486 4
339 502 4
339 504 4
339 520 4
339 526 3
339 584 5
339 662 3
339 946 4
340 3 4
340 4 3
340 7 1
340 8 3
340 11 3
340 13 3
340 15 2
340 23 5
340 25 1
340 26 3
340 28 3
340 47 3
340 56 3
340 58 4
340 68 3
340 92 3
340 93 4
340 95 2
340 98 3
340 100 4
340 108 3
340 111 2
340 122 3
340 123 1
340 124 4
340 129 5
340 131 3
340 132 3
340 133 3
340 134 3
340 135 3
340 143 3
340 144 3
340 156 5
340 160 4
340 174 4
340 175 5
340 179 3
340 188 3
340 189 3
340 191 3
340 192 4
340 193 5
340 194 3
340 196 4
340 197 3
340 204 3
340 208 4
340 209 3
340 212 3
340 216 4
340 223 4
340 237 3
340 238 3
340 240 2
340 248 4
340 251 4
340 255 1
340 257 1
340 262 3
340 274 1
340 276 5
340 282 1
340 286 3
340 287 3
340 288 2
340 289 1
340 294 3
340 297 2
340 298 2
340 301 3
340 319 3
340 320 3
340 326 3
340 327 1
340 367 3
340 378 3
340 381 3
340 382 3
340 408 4
340 412 1
340 421 3
340 423 3
340 427 3
340 433 5
340 461 3
340 483 3
340 487 3
340 496 3
340 499 3
340 508 5
340 517 3
340 518 3
340 523 3
340 531 3
340 535 2
340 544 3
340 547 3
340 558 2
340 574 2
340 581 3
340 584 3
340 591 2
340 606 3
340 607 3
340 654 4
340 655 4
340 656 5
340 657 4
340 663 5
340 692 2
340 699 4
340 723 1
340 724 4
340 727 2
340 732 4
340 746 3
340 756 1
340 762 4
340 764 2
340 772 2
340 789 5
340 792 3
340 813 4
340 818 2
340 844 3
340 846 1
340 866 2
340 873 1
340 875 2
340 928 3
340 950 2
340 965 2
340 975 2
341 1 4
341 4 4
341 7 4
341 8 4
341 9 4
341 10 3
341 11 3
341 12 4
341 20 3
341 23 4
341 25 3
341 26 3
341 28 4
341 38 4
341 42 4
341 44 4
341 47 4
341 48 4
341 50 3
341 52 4
341 53 2
341 55 4
341 56 4
341 57 4
341 58 3
341 62 3
341 63 3
341 65 3
341 66 3
341 67 4
341 68 5
341 69 4
341 76 5
341 77 4
341 79 4
341 81 4
341 82 3
341 83 4
341 86 4
341 87 4
341 90 4
341 97 4
341 98 4
341 100 3
341 117 3
341 118 4
341 121 3
341 124 4
341 127 3
341 132 3
341 134 4
341 135 3
341 137 3
341 143 3
341 144 3
341 147 5
341 152 3
341 153 3
341 155 3
341 156 4
341 159 4
341 163 4
341 164 3
341 168 4
341 169 3
341 174 4
341 176 3
341 177 4
341 179 4
341 180 4
341 186 4
341 187 4
341 188 4
341 189 3
341 193 4
341 194 4
341 196 4
341 197 4
341 199 5
341 200 4
341 208 4
341 211 4
341 214 5
341 223 4
341 228 3
341 229 4
341 231 5
341 234 5
341 235 4
341 236 4
341 237 4
341 241 4
341 250 3
341 257 4
341 265 3
341 269 4
341 275 4
341 276 4
341 277 4
341 283 3
341 288 3
341 297 4
341 302 5
341 303 5
341 306 4
341 318 4
341 324 3
341 333 3
341 334 3
341 357 4
341 358 2
341 371 4
341 375 4
341 382 3
341 385 4
341 405 5
341 408 3
341 410 3
341 423 4
341 427 4
341 429 3
341 435 4
341 449 4
341 461 4
341 462 3
341 463 4
341 471 5
341 473 4
341 474 4
341 475 4
341 476 5
341 483 3
341 498 4
341 499 4
341 508 4
341 510 4
341 515 4
341 521 4
341 523 4
341 527 4
341 528 4
341 530 4
341 536 4
341 546 3
341 555 5
341 559 4
341 561 2
341 568 4
341 569 2
341 581 4
341 582 4
341 606 4
341 614 5
341 631 4
341 642 3
341 654 5
341 655 4
341 657 4
341 660 4
341 684 4
341 702 3
341 703 3
341 708 4
341 712 3
341 724 4
341 727 4
341 729 3
341 739 3
341 744 3
341 747 5
341 778 4
341 786 3
341 792 4
341 823 3
341 919 4
341 921 5
341 930 2
341 931 1
341 943 3
341 950 3
341 951 4
341 961 4
341 980 2
342 1 2
342 4 4
342 5 3
342 8 3
342 9 4
342 11 3
342 12 3
342 13 3
342 14 5
342 22 3
342 25 2
342 26 2
342 39 2
342 45 4
342 58 3
342 70 4
342 71 2
342 73 3
342 79 4
342 86 4
342 87 3
342 88 2
342 89 4
342 95 2
342 96 3
342 97 3
342 98 4
342 111 3
342 118 2
342 119 3
342 121 2
342 122 4
342 124 4
342 125 3
342 127 2
342 129 3
342 132 3
342 137 4
342 151 4
342 169 4
342 172 3
342 174 4
342 176 3
342 181 3
342 183 3
342 190 4
342 191 3
342 195 4
342 196 2
342 198 3
342 202 3
342 203 4
342 204 3
342 208 4
342 210 3
342 216 2
342 222 3
342 228 4
342 235 4
342 237 2
342 244 2
342 245 2
342 246 4
342 248 4
342 251 4
342 255 3
342 268 3
342 269 4
342 272 3
342 273 3
342 275 2
342 276 4
342 278 4
342 280 2
342 281 2
342 283 3
342 284 2
342 285 4
342 286 3
342 288 4
342 291 2
342 295 2
342 297 3
342 298 2
342 301 3
342 303 3
342 304 4
342 311 2
342 313 3
342 315 3
342 316 3
342 322 3
342 357 3
342 367 4
342 385 2
342 405 3
342 421 3
342 433 4
342 451 3
342 459 5
342 462 4
342 471 3
342 472 3
342 476 2
342 477 4
342 478 4
342 479 5
342 486 3
342 487 3
342 494 3
342 508 4
342 509 3
342 511 3
342 516 3
342 535 2
342 537 4
342 559 5
342 562 3
342 568 3
342 597 2
342 619 2
342 647 4
342 660 3
342 663 3
342 678 2
342 684 2
342 694 2
342 696 2
342 707 2
342 708 2
342 709 4
342 713 4
342 716 3
342 742 2
342 751 4
342 764 2
342 815 2
342 844 2
342 845 3
342 864 2
342 926 2
342 928 4
342 955 4
342 972 3
343 1 3
343 4 4
343 5 3
343 9 4
343 11 5
343 15 3
343 25 3
343 26 4
343 28 4
343 33 4
343 43 2
343 44 4
343 48 4
343 49 5
343 50 4
343 51 4
343 56 4
343 64 4
343 65 4
343 66 4
343 69 4
343 71 4
343 77 2
343 79 3
343 81 3
343 87 4
343 88 3
343 93 4
343 98 4
343 100 4
343 111 4
343 117 4
343 118 3
343 124 3
343 125 3
343 126 4
343 131 3
343 132 4
343 137 4
343 143 4
343 148 3
343 151 4
343 170 4
343 172 4
343 173 4
343 174 3
343 191 4
343 196 4
343 197 4
343 202 3
343 204 4
343 216 4
343 220 3
343 221 4
343 223 3
343 226 3
343 235 2
343 237 4
343 239 3
343 241 3
343 245 5
343 246 4
343 251 4
343 255 3
343 262 2
343 268 4
343 269 4
343 272 4
343 278 3
343 280 4
343 282 3
343 283 4
343 284 4
343 285 4
343 287 3
343 288 3
343 289 3
343 291 3
343 293 4
343 294 5
343 295 3
343 297 3
343 298 3
343 300 3
343 301 3
343 302 4
343 303 4
343 305 3
343 311 2
343 312 3
343 313 3
343 315 4
343 317 4
343 323 1
343 332 3
343 333 4
343 356 4
343 365 4
343 367 5
343 378 4
343 381 4
343 382 3
343 387 4
343 402 4
343 403 3
343 405 3
343 416 3
343 433 4
343 443 4
343 451 5
343 461 3
343 464 4
343 471 3
343 473 2
343 476 3
343 479 4
343 481 4
343 485 3
343 498 5
343 508 4
343 518 4
343 534 2
343 535 3
343 550 3
343 559 2
343 566 4
343 568 3
343 582 3
343 588 3
343 620 3
343 639 3
343 651 4
343 655 4
343 660 5
343 676 3
343 696 3
343 702 5
343 708 3
343 709 4
343 715 3
343 716 4
343 722 5
343 732 3
343 736 4
343 737 4
343 738 3
343 739 5
343 742 3
343 744 3
343 747 4
343 748 2
343 772 2
343 781 3
343 845 4
343 846 5
343 866 3
343 879 3
343 886 5
343 903 1
343 919 3
343 949 5
343 955 4
343 956 4
343 972 4
343 988 1
344 2 2
344 3 3
344 4 4
344 7 4
344 11 3
344 12 4
344 17 4
344 22 4
344 29 2
344 31 3
344 33 3
344 38 3
344 53 3
344 54 2
344 55 3
344 56 4
344 62 4
344 64 5
344 67 4
344 72 4
344 76 5
344 77 4
344 83 4
344 91 3
344 92 3
344 94 4
344 97 4
344 98 5
344 100 4
344 117 4
344 120 2
344 121 4
344 127 4
344 128 4
344 132 4
344 133 3
344 134 4
344 141 2
344 143 2
344 144 4
344 147 3
344 153 4
344 156 5
344 157 4
344 158 2
344 161 3
344 167 2
344 168 4
344 172 4
344 173 4
344 174 4
344 176 4
344 181 4
344 183 4
344 184 3
344 186 4
344 187 4
344 188 2
344 203 5
344 204 4
344 210 4
344 211 4
344 213 2
344 215 5
344 216 5
344 218 4
344 219 2
344 232 1
344 234 5
344 237 4
344 241 2
344 245 2
344 250 4
344 259 2
344 265 4
344 273 3
344 276 4
344 288 4
344 291 2
344 293 3
344 294 2
344 300 4
344 302 5
344 318 5
344 322 2
344 325 3
344 333 3
344 358 4
344 363 2
344 366 4
344 369 3
344 375 2
344 385 4
344 391 2
344 392 2
344 403 4
344 405 3
344 415 2
344 423 5
344 431 3
344 455 4
344 470 3
344 496 4
344 518 5
344 520 4
344 541 3
344 546 3
344 549 3
344 561 4
344 569 3
344 571 3
344 572 3
344 576 4
344 578 3
344 582 4
344 616 4
344 636 3
344 642 4
344 657 4
344 669 1
344 673 3
344 684 5
344 685 3
344 708 4
344 712 4
344 727 4
344 732 3
344 739 4
344 743 3
344 746 4
344 748 2
344 780 2
344 785 3
344 802 2
344 809 4
344 831 3
344 842 4
344 879 3
344 932 2
344 944 3
344 951 3
344 959 5
344 977 2
345 1 4
345 7 3
345 12 4
345 15 4
345 17 4
345 22 4
345 24 5
345 25 5
345 28 4
345 31 4
345 50 4
345 55 5
345 56 4
345 68 3
345 70 3
345 73 4
345 76 3
345 77 4
345 79 4
345 82 3
345 85 3
345 87 4
345 91 3
345 96 4
345 97 3
345 99 4
345 100 3
345 117 3
345 118 3
345 125 4
345 127 4
345 132 4
345 137 4
345 144 4
345 151 4
345 156 4
345 157 3
345 158 3
345 159 4
345 163 2
345 164 5
345 168 4
345 172 4
345 173 3
345 174 4
345 176 4
345 177 4
345 181 4
345 182 4
345 183 4
345 187 4
345 188 3
345 192 5
345 195 4
345 200 3
345 203 3
345 204 4
345 208 4
345 215 4
345 222 4
345 226 4
345 227 3
345 233 3
345 235 2
345 239 4
345 240 5
345 245 4
345 246 3
345 252 4
345 257 4
345 258 4
345 268 4
345 271 2
345 273 4
345 276 4
345 280 4
345 286 3
345 288 3
345 290 3
345 293 4
345 294 3
345 298 3
345 300 4
345 317 4
345 318 4
345 323 4
345 324 4
345 328 4
345 333 2
345 356 3
345 369 3
345 371 3
345 385 3
345 386 3
345 392 4
345 403 4
345 404 3
345 405 4
345 410 3
345 416 2
345 423 5
345 432 4
345 435 4
345 460 2
345 462 3
345 465 4
345 468 3
345 470 3
345 472 3
345 475 4
345 501 3
345 508 4
345 544 3
345 550 4
345 568 4
345 588 3
345 595 5
345 597 5
345 609 3
345 655 4
345 660 4
345 685 4
345 686 4
345 689 3
345 692 3
345 699 2
345 721 2
345 735 4
345 742 5
345 756 4
345 763 3
345 806 4
345 819 5
345 820 5
345 827 3
345 829 4
345 831 2
345 841 2
345 871 2
345 879 3
345 928 2
345 930 5
345 943 4
345 959 3
345 977 2
345 982 2
346 1 4
346 7 4
346 15 4
346 25 4
346 100 5
346 107 4
346 111 4
346 118 3
346 121 4
346 126 4
346 147 3
346 225 3
346 240 4
346 276 3
346 288 4
346 294 4
346 323 3
346 368 3
346 370 3
346 409 4
346 411 4
346 412 4
346 472 3
346 473 3
346 476 4
346 546 4
346 628 4
346 742 4
346 819 4
346 831 3
346 834 3
346 924 4
346 926 4
346 928 4
346 974 4
346 975 5
346 988 4
347 9 4
347 10 4
347 118 2
347 121 3
347 125 4
347 126 4
347 237 3
347 325 3
347 370 3
347 412 3
347 455 3
347 458 3
347 471 3
347 475 3
347 596 3
347 744 4
347 847 4
348 1 4
348 23 4
348 89 4
348 98 4
348 132 4
348 133 2
348 136 3
348 168 4
348 172 4
348 176 4
348 183 4
348 193 4
348 195 4
348 204 4
348 210 4
348 214 4
348 228 3
348 265 4
348 271 2
348 324 5
348 340 5
348 435 3
348 479 4
348 480 4
348 483 4
348 489 2
348 530 4
348 589 3
348 604 4
348 616 3
348 654 3
348 657 4
349 288 4
349 289 4
349 292 3
349 300 4
349 301 4
349 310 2
349 312 2
349 313 4
349 326 5
349 327 4
349 332 4
349 341 3
349 343 4
349 359 1
349 538 1
349 748 3
349 750 4
349 754 3
349 873 4
349 879 3
349 880 3
349 882 4
349 888 4
349 984 3
349 989 4
349 990 3
350 4 4
350 7 4
350 12 4
350 17 3
350 39 2
350 55 3
350 56 4
350 79 4
350 86 4
350 89 4
350 92 4
350 96 4
350 98 4
350 129 3
350 144 4
350 156 4
350 173 4
350 182 4
350 194 4
350 195 4
350 216 4
350 228 4
350 234 4
350 302 4
350 385 3
350 568 3
350 657 4
350 692 3
351 245 4
351 260 1
351 271 3
351 272 4
351 300 3
351 315 4
351 326 3
351 327 2
351 328 2
351 332 4
351 333 4
351 343 1
351 905 3
352 7 4
352 9 5
352 14 3
352 19 3
352 20 3
352 25 3
352 32 3
352 42 3
352 47 2
352 50 3
352 52 5
352 57 3
352 58 5
352 59 3
352 60 3
352 61 4
352 66 4
352 70 4
352 79 3
352 81 4
352 83 4
352 86 3
352 87 3
352 88 3
352 93 4
352 100 3
352 109 4
352 116 4
352 124 3
352 131 3
352 133 3
352 134 3
352 135 3
352 136 3
352 137 3
352 143 3
352 149 3
352 151 3
352 152 3
352 153 4
352 154 4
352 155 3
352 162 4
352 166 5
352 168 4
352 169 3
352 171 3
352 173 3
352 174 3
352 175 4
352 180 3
352 186 3
352 189 3
352 190 3
352 191 3
352 193 5
352 197 3
352 199 3
352 202 4
352 208 4
352 209 3
352 211 4
352 213 4
352 216 3
352 238 3
352 242 5
352 246 4
352 248 3
352 251 3
352 255 3
352 257 3
352 258 3
352 268 5
352 269 5
352 270 2
352 272 3
352 275 3
352 276 3
352 281 3
352 286 5
352 287 2
352 297 3
352 303 2
352 305 2
352 306 4
352 308 4
352 311 4
352 313 3
352 318 3
352 344 3
352 381 3
352 382 5
352 387 3
352 414 3
352 421 3
352 423 5
352 428 3
352 429 4
352 435 3
352 462 3
352 463 3
352 464 4
352 473 3
352 478 3
352 479 3
352 480 3
352 483 3
352 485 4
352 487 3
352 489 3
352 494 3
352 496 4
352 497 4
352 498 4
352 507 5
352 508 3
352 509 4
352 511 3
352 513 3
352 515 4
352 516 3
352 518 3
352 520 3
352 529 4
352 531 3
352 533 5
352 558 3
352 582 4
352 584 3
352 603 3
352 604 3
352 605 3
352 606 4
352 607 3
352 629 3
352 631 3
352 638 4
352 650 3
352 651 3
352 652 3
352 657 3
352 659 5
352 660 5
352 661 4
352 692 4
352 694 4
352 699 4
352 702 3
352 705 2
352 707 3
352 709 5
352 716 3
352 732 2
352 733 3
352 735 4
352 736 3
352 737 3
352 740 2
352 753 3
352 792 3
352 811 3
352 847 3
352 855 2
352 863 3
352 865 3
352 882 2
352 889 3
352 900 3
352 904 4
352 929 2
352 953 3
352 956 5
352 958 4
352 962 4
353 242 4
353 264 3
353 288 3
353 300 3
353 328 4
353 329 3
353 360 2
353 681 4
353 882 4
354 272 3
354 292 3
354 313 2
354 316 3
354 326 3
354 328 4
354 333 3
354 689 3
354 748 2
355 1 4
355 7 4
355 10 4
355 24 4
355 105 4
355 117 5
355 118 4
355 123 4
355 125 5
355 126 4
355 147 4
355 150 3
355 151 4
355 220 4
355 222 5
355 245 3
355 258 5
355 270 3
355 273 4
355 274 4
355 275 5
355 280 3
355 284 4
355 291 4
355 322 4
355 326 5
355 334 4
355 405 4
355 407 4
355 411 4
355 455 4
355 456 4
355 471 4
355 472 3
355 473 4
355 476 4
355 546 4
355 595 4
355 687 1
355 713 4
355 742 4
355 744 4
355 760 2
355 819 4
355 820 4
355 831 2
355 833 4
355 866 3
355 932 4
355 977 2
355 984 4
356 8 5
356 65 3
356 127 4
356 132 3
356 174 4
356 179 4
356 213 2
356 268 3
356 318 4
356 324 3
356 357 2
356 511 4
356 582 3
356 584 4
356 638 4
356 639 3
356 643 3
356 855 3
356 896 3
357 7 3
357 117 3
357 118 3
357 181 4
357 250 4
357 268 3
357 270 3
357 298 3
357 313 4
357 323 3
357 405 3
357 472 3
357 748 3
357 751 4
357 831 2
358 1 3
358 10 4
358 13 4
358 14 4
358 25 3
358 28 4
358 45 5
358 50 4
358 64 4
358 79 4
358 100 4
358 116 4
358 124 4
358 127 4
358 134 4
358 157 4
358 165 4
358 166 5
358 170 4
358 174 4
358 181 4
358 187 4
358 191 4
358 194 4
358 195 4
358 197 4
358 205 4
358 207 4
358 210 4
358 222 3
358 237 4
358 238 4
358 242 4
358 251 3
358 269 4
358 271 4
358 275 4
358 283 3
358 284 3
358 286 4
358 297 3
358 302 4
358 304 4
358 306 3
358 308 3
358 309 3
358 321 3
358 326 3
358 328 3
358 357 4
358 423 4
358 479 4
358 483 5
358 496 4
358 511 4
358 521 5
358 523 4
358 531 4
358 582 4
358 588 4
358 654 4
358 661 4
358 735 5
358 744 5
358 748 2
358 845 3
358 933 4
358 936 3
358 963 4
359 12 4
359 14 4
359 23 4
359 26 3
359 49 3
359 53 4
359 55 4
359 56 3
359 59 4
359 60 4
359 66 3
359 70 4
359 79 4
359 83 4
359 88 5
359 90 4
359 97 3
359 98 4
359 100 4
359 111 4
359 129 4
359 148 3
359 150 4
359 156 3
359 165 4
359 166 4
359 168 4
359 170 5
359 173 4
359 176 4
359 178 5
359 183 4
359 185 4
359 186 5
359 190 5
359 197 4
359 203 3
359 204 5
359 207 5
359 212 4
359 213 4
359 218 3
359 222 5
359 228 4
359 234 3
359 237 2
359 238 4
359 258 5
359 269 4
359 273 3
359 274 4
359 276 5
359 286 4
359 333 3
359 340 4
359 387 4
359 421 4
359 430 5
359 435 5
359 451 4
359 466 4
359 475 4
359 498 4
359 502 5
359 504 5
359 514 5
359 517 4
359 524 5
359 525 4
359 531 4
359 639 3
359 652 3
359 654 5
359 655 3
359 657 4
359 659 4
359 673 4
359 684 5
359 694 4
359 707 3
359 709 5
359 727 4
359 737 2
359 739 3
359 742 3
359 762 5
359 770 4
359 794 5
359 934 4
359 949 3
360 245 2
360 268 4
360 302 4
360 312 5
360 313 4
360 323 2
360 333 3
360 336 3
360 689 5
361 1 3
361 2 2
361 4 3
361 5 2
361 7 3
361 9 5
361 11 3
361 22 3
361 29 3
361 32 3
361 37 2
361 38 2
361 44 4
361 47 2
361 50 4
361 54 1
361 55 5
361 56 5
361 58 3
361 62 3
361 65 4
361 66 2
361 67 2
361 68 1
361 69 2
361 70 2
361 71 4
361 72 2
361 73 2
361 79 3
361 81 5
361 82 2
361 87 3
361 88 2
361 89 5
361 90 2
361 91 4
361 93 2
361 95 3
361 96 2
361 97 2
361 98 4
361 101 5
361 102 2
361 114 5
361 117 2
361 120 3
361 121 2
361 128 2
361 134 3
361 137 4
361 143 3
361 144 3
361 145 1
361 151 4
361 152 3
361 154 4
361 155 2
361 156 4
361 159 3
361 161 2
361 164 4
361 169 5
361 172 4
361 173 5
361 174 3
361 179 5
361 182 5
361 183 4
361 184 4
361 185 5
361 186 4
361 187 5
361 188 3
361 189 5
361 193 3
361 195 4
361 196 2
361 200 5
361 201 2
361 204 2
361 206 2
361 208 5
361 210 3
361 212 3
361 215 3
361 216 4
361 218 2
361 222 5
361 226 3
361 227 3
361 228 5
361 229 3
361 231 3
361 234 5
361 235 2
361 237 3
361 248 1
361 250 3
361 258 4
361 265 2
361 270 3
361 271 2
361 282 3
361 283 3
361 284 2
361 288 2
361 290 3
361 293 4
361 307 1
361 315 3
361 316 4
361 317 3
361 322 2
361 325 2
361 328 2
361 336 3
361 346 3
361 347 3
361 350 1
361 351 2
361 366 3
361 370 1
361 380 5
361 387 3
361 391 2
361 393 4
361 402 2
361 403 3
361 405 4
361 408 5
361 417 3
361 423 2
361 426 3
361 428 4
361 431 3
361 433 5
361 435 4
361 443 5
361 444 3
361 448 2
361 449 3
361 451 2
361 461 3
361 469 1
361 472 3
361 473 3
361 474 5
361 505 3
361 506 4
361 511 4
361 518 4
361 523 4
361 531 4
361 546 2
361 550 2
361 552 3
361 554 3
361 555 3
361 557 4
361 559 2
361 561 2
361 566 2
361 568 2
361 569 2
361 571 2
361 572 2
361 575 1
361 578 1
361 588 3
361 590 1
361 597 3
361 603 4
361 616 3
361 625 3
361 631 2
361 640 3
361 650 1
361 651 4
361 653 2
361 657 5
361 658 2
361 660 3
361 665 3
361 673 3
361 675 3
361 678 1
361 679 3
361 682 4
361 685 3
361 691 5
361 698 2
361 699 4
361 707 5
361 709 4
361 710 3
361 719 2
361 735 3
361 741 3
361 742 2
361 746 5
361 747 3
361 752 2
361 760 2
361 761 3
361 767 1
361 774 2
361 778 3
361 792 3
361 802 2
361 805 3
361 809 3
361 816 2
361 825 2
361 831 3
361 849 2
361 854 2
361 859 2
361 895 1
361 906 5
361 919 5
361 933 3
361 940 2
361 946 2
361 959 3
361 979 3
362 289 3
362 302 3
362 321 3
362 875 4
362 948 3
362 988 5
363 1 1
363 7 3
363 15 3
363 25 3
363 100 4
363 109 2
363 124 2
363 125 3
363 137 3
363 150 3
363 222 3
363 235 4
363 258 3
363 268 4
363 271 3
363 272 3
363 275 2
363 276 3
363 277 3
363 287 3
363 288 3
363 289 3
363 294 2
363 301 2
363 309 3
363 315 3
363 316 3
363 321 1
363 340 3
363 352 3
363 473 3
363 591 3
363 742 3
363 762 2
363 813 4
363 894 2
363 895 3
363 908 3
364 53 5
364 56 4
364 98 4
364 184 4
364 200 4
364 201 4
364 217 4
364 219 4
364 234 5
364 443 4
364 445 4
364 559 4
364 573 5
364 671 4
364 672 5
364 853 4
364 860 5
365 7 4
365 17 3
365 50 4
365 53 3
365 98 4
365 100 4
365 145 3
365 164 4
365 176 4
365 183 5
365 184 4
365 200 3
365 201 3
365 218 3
365 234 5
365 250 4
365 258 4
365 288 3
365 302 5
365 324 4
365 326 3
365 333 3
365 334 3
365 379 3
365 406 3
365 413 3
365 436 4
365 443 3
365 448 3
365 452 3
365 551 3
365 563 3
365 564 3
365 665 4
365 670 3
365 672 3
365 760 3
365 769 4
365 774 4
365 800 3
365 919 5
366 11 2
366 17 2
366 56 3
366 89 3
366 96 3
366 98 3
366 100 3
366 127 3
366 183 3
366 184 2
366 201 2
366 217 2
366 218 2
366 219 2
366 234 4
366 292 4
366 313 4
366 320 2
366 379 2
366 396 3
366 567 3
366 672 2
366 774 2
366 777 3
367 50 4
367 114 4
367 168 4
367 172 4
367 181 4
367 271 3
367 316 4
367 358 3
367 751 4
367 988 2
368 12 3
368 22 3
368 31 3
368 50 3
368 52 1
368 64 3
368 98 3
368 100 2
368 107 2
368 114 2
368 116 4
368 135 3
368 136 4
368 153 3
368 172 3
368 174 4
368 175 2
368 176 3
368 181 3
368 193 2
368 195 3
368 199 3
368 209 3
368 210 3
368 238 2
368 257 3
368 265 3
368 269 2
368 285 4
368 322 1
368 423 3
368 425 3
368 433 2
368 435 3
368 443 3
368 480 3
368 484 2
368 493 3
368 494 3
368 497 4
368 514 3
368 525 3
368 603 3
368 604 3
368 607 1
368 608 4
368 613 3
368 631 3
368 657 2
368 659 4
368 661 3
368 678 2
368 705 3
368 923 2
369 1 4
369 22 4
369 55 3
369 64 4
369 69 3
369 77 3
369 79 4
369 97 3
369 98 4
369 174 3
369 177 4
369 179 2
369 180 4
369 181 4
369 185 4
369 186 3
369 194 3
369 197 3
369 210 4
369 234 4
369 265 4
369 357 4
369 393 4
369 423 4
369 435 4
369 443 4
369 449 4
369 452 3
369 504 5
369 527 4
369 655 4
369 663 4
369 746 3
370 5 5
370 23 3
370 44 3
370 56 3
370 79 4
370 129 4
370 159 4
370 164 4
370 176 4
370 183 4
370 185 4
370 200 3
370 201 4
370 218 4
370 262 3
370 286 4
370 288 5
370 299 4
370 325 4
370 327 4
370 333 4
370 436 3
370 441 3
370 443 3
370 447 4
370 448 4
370 452 3
370 547 4
370 559 2
370 561 5
370 574 3
370 581 3
370 595 4
370 628 4
370 635 4
370 637 5
370 672 4
370 674 4
370 678 3
370 696 5
370 874 3
370 875 4
371 2 4
371 4 5
371 12 4
371 15 3
371 20 4
371 22 3
371 24 4
371 25 4
371 31 4
371 48 4
371 50 4
371 58 3
371 64 4
371 66 2
371 68 3
371 70 4
371 80 3
371 81 3
371 82 4
371 83 4
371 89 4
371 90 2
371 94 4
371 95 4
371 96 4
371 97 4
371 99 4
371 100 4
371 102 4
371 105 2
371 110 5
371 114 4
371 117 4
371 127 4
371 132 4
371 136 4
371 139 4
371 142 4
371 143 4
371 144 4
371 150 3
371 151 5
371 154 4
371 155 3
371 156 4
371 161 3
371 162 3
371 163 4
371 165 4
371 166 4
371 169 4
371 172 4
371 173 4
371 175 4
371 177 4
371 179 4
371 180 4
371 181 4
371 184 3
371 189 5
371 194 4
371 195 4
371 196 4
371 197 4
371 202 4
371 204 4
371 206 4
371 208 4
371 209 4
371 210 4
371 211 4
371 213 4
371 214 4
371 215 4
371 217 2
371 225 5
371 226 5
371 228 4
371 230 3
371 232 4
371 239 3
371 241 4
371 259 4
371 269 3
371 275 4
371 278 3
371 281 4
371 286 4
371 290 3
371 318 4
371 357 4
371 366 4
371 378 4
371 380 3
371 382 4
371 385 4
371 386 2
371 389 5
371 390 4
371 392 5
371 393 4
371 399 4
371 401 4
371 402 3
371 403 5
371 404 5
371 409 3
371 414 4
371 417 4
371 418 4
371 420 4
371 421 3
371 423 4
371 427 4
371 431 3
371 433 4
371 435 4
371 451 4
371 472 3
371 474 4
371 480 4
371 485 4
371 487 4
371 488 4
371 494 4
371 496 4
371 497 5
371 499 4
371 506 4
371 510 4
371 520 4
371 527 4
371 550 5
371 553 4
371 559 2
371 566 4
371 568 4
371 571 4
371 577 4
371 588 4
371 596 4
371 598 1
371 603 4
371 627 4
371 633 4
371 645 4
371 648 3
371 649 4
371 651 4
371 655 3
371 658 3
371 660 4
371 679 5
371 694 4
371 699 4
371 704 2
371 705 4
371 709 4
371 715 4
371 724 3
371 727 5
371 729 5
371 732 4
371 746 5
371 747 4
371 748 2
371 756 2
371 778 4
371 828 4
371 842 4
371 843 3
371 849 4
371 941 2
371 946 3
371 949 3
372 1 4
372 2 4
372 5 3
372 7 4
372 9 4
372 11 3
372 15 2
372 17 4
372 23 4
372 24 4
372 28 3
372 29 4
372 39 4
372 48 4
372 50 4
372 56 4
372 64 4
372 66 4
372 68 4
372 69 2
372 70 4
372 71 4
372 77 4
372 89 4
372 95 4
372 97 3
372 98 4
372 100 4
372 106 5
372 111 4
372 116 3
372 118 3
372 120 2
372 121 5
372 122 2
372 123 4
372 124 4
372 125 4
372 126 5
372 127 4
372 129 5
372 135 4
372 143 2
372 144 4
372 147 4
372 148 4
372 150 4
372 151 4
372 156 4
372 159 4
372 161 4
372 162 4
372 168 4
372 172 4
372 173 3
372 174 4
372 176 4
372 185 3
372 186 3
372 192 4
372 195 4
372 197 4
372 200 5
372 202 4
372 204 4
372 210 4
372 216 3
372 218 4
372 222 4
372 223 4
372 225 4
372 226 4
372 228 4
372 229 4
372 230 4
372 231 2
372 233 4
372 234 4
372 235 2
372 237 3
372 240 2
372 247 4
372 248 4
372 252 3
372 254 2
372 257 4
372 265 4
372 279 4
372 280 3
372 282 3
372 284 5
372 289 5
372 291 4
372 310 4
372 322 4
372 323 4
372 356 4
372 363 4
372 369 4
372 385 4
372 393 4
372 403 5
372 405 4
372 412 2
372 423 3
372 424 4
372 427 3
372 449 4
372 450 2
372 454 2
372 458 4
372 463 4
372 465 3
372 466 4
372 467 4
372 468 4
372 475 4
372 476 4
372 483 3
372 521 4
372 527 3
372 540 4
372 544 3
372 550 4
372 552 5
372 554 2
372 558 3
372 566 4
372 568 5
372 572 3
372 576 4
372 581 5
372 591 2
372 619 4
372 620 3
372 628 3
372 637 3
372 642 3
372 651 4
372 665 2
372 685 4
372 692 3
372 696 2
372 717 2
372 741 3
372 742 3
372 743 2
372 756 2
372 758 1
372 761 5
372 762 4
372 763 2
372 770 3
372 789 4
372 815 3
372 819 4
372 820 2
372 824 2
372 832 4
372 844 2
372 845 5
372 846 3
372 872 4
372 880 3
372 924 2
372 928 3
372 930 3
372 931 1
372 932 4
372 934 2
372 948 2
372 952 4
372 974 2
372 975 3
372 977 2
372 978 1
372 979 3
372 986 4
373 5 3
373 39 3
373 77 3
373 176 3
373 183 3
373 185 3
373 218 3
373 233 3
373 288 3
373 300 3
373 443 4
373 583 3
373 684 3
373 761 3
374 11 4
374 14 4
374 98 4
374 154 3
374 181 3
374 197 4
374 198 3
374 223 3
374 237 3
374 246 4
374 268 4
374 274 4
374 275 3
374 289 4
374 301 3
374 603 4
374 762 4
375 56 4
375 98 5
375 100 4
375 164 4
375 168 5
375 173 4
375 194 5
375 219 3
375 234 5
375 258 4
375 268 4
375 288 3
375 313 4
375 316 5
375 323 3
375 354 3
375 443 4
375 508 3
375 895 3
376 1 3
376 2 3
376 4 4
376 5 3
376 7 3
376 8 4
376 9 3
376 10 5
376 11 3
376 12 4
376 13 3
376 14 5
376 15 3
376 21 3
376 22 3
376 28 3
376 29 3
376 31 3
376 40 3
376 42 3
376 43 4
376 48 3
376 49 3
376 50 3
376 52 4
376 53 3
376 54 3
376 58 4
376 59 4
376 62 4
376 63 3
376 65 4
376 66 3
376 68 2
376 70 4
376 73 3
376 77 3
376 79 3
376 86 4
376 87 3
376 88 3
376 89 4
376 91 3
376 94 3
376 95 3
376 99 3
376 100 3
376 106 3
376 110 3
376 111 3
376 117 3
376 121 3
376 123 3
376 125 3
376 126 3
376 132 4
376 133 5
376 135 4
376 141 4
376 143 4
376 144 3
376 148 3
376 151 4
376 153 4
376 155 3
376 157 3
376 159 3
376 161 3
376 162 4
376 167 3
376 172 3
376 173 4
376 174 4
376 175 4
376 176 3
376 179 4
376 180 3
376 181 3
376 182 3
376 186 4
376 191 4
376 194 3
376 195 4
376 196 3
376 197 4
376 200 3
376 202 4
376 203 3
376 207 4
376 210 3
376 213 4
376 215 3
376 217 2
376 218 4
376 220 4
376 222 4
376 223 4
376 226 3
376 227 3
376 230 3
376 233 3
376 234 3
376 235 3
376 237 3
376 239 3
376 241 3
376 245 3
376 248 3
376 252 3
376 254 3
376 255 4
376 257 3
376 258 3
376 269 4
376 272 3
376 273 3
376 274 4
376 275 4
376 276 4
376 277 3
376 280 3
376 281 4
376 282 3
376 283 4
376 284 5
376 285 4
376 286 3
376 288 3
376 289 3
376 294 3
376 295 3
376 298 4
376 300 3
376 301 3
376 302 3
376 304 4
376 317 3
376 318 4
376 319 3
376 321 3
376 326 3
376 328 2
376 356 3
376 365 2
376 367 3
376 380 4
376 381 3
376 382 3
376 385 4
376 386 2
376 387 4
376 392 3
376 393 3
376 396 4
376 401 2
376 403 4
376 404 3
376 405 3
376 409 2
376 410 3
376 411 3
376 417 3
376 418 5
376 419 4
376 420 4
376 423 4
376 432 4
376 435 4
376 447 3
376 449 3
376 450 3
376 451 3
376 458 3
376 465 4
376 469 3
376 471 3
376 476 3
376 479 4
376 482 4
376 485 5
376 496 4
376 500 4
376 501 4
376 508 3
376 509 4
376 517 3
376 527 4
376 528 4
376 542 3
376 546 3
376 549 3
376 554 3
376 559 3
376 566 3
376 568 4
376 572 3
376 575 3
376 576 3
376 582 4
376 591 3
376 596 3
376 597 3
376 619 5
376 620 4
376 623 2
376 629 3
376 631 3
376 632 4
376 635 2
376 636 4
376 651 4
376 655 4
376 663 3
376 665 3
376 674 4
376 686 3
376 692 3
376 693 3
376 694 4
376 702 3
376 703 3
376 707 3
376 708 3
376 709 4
376 715 3
376 716 3
376 720 4
376 722 3
376 724 3
376 727 3
376 729 3
376 731 3
376 732 3
376 734 3
376 736 4
376 742 3
376 744 3
376 747 3
376 755 3
376 756 5
376 762 3
376 768 2
376 778 3
376 780 2
376 787 4
376 792 3
376 793 3
376 796 3
376 806 3
376 807 1
376 845 3
376 866 3
376 875 2
376 896 3
376 918 2
376 921 3
376 924 2
376 926 3
376 928 3
376 930 3
376 939 3
376 942 3
376 951 4
376 959 3
376 961 3
376 969 5
376 972 3
376 977 3
376 979 3
377 1 4
377 2 3
377 4 4
377 8 4
377 9 5
377 12 4
377 23 4
377 50 4
377 52 5
377 54 5
377 56 5
377 62 5
377 63 1
377 64 4
377 69 4
377 79 4
377 82 5
377 83 4
377 88 5
377 89 5
377 90 5
377 93 5
377 96 4
377 98 4
377 100 4
377 116 5
377 124 4
377 131 5
377 133 5
377 135 4
377 141 4
377 144 4
377 152 4
377 153 4
377 157 4
377 158 4
377 161 5
377 163 5
377 164 5
377 168 4
377 172 5
377 173 4
377 176 5
377 177 4
377 178 4
377 179 5
377 183 4
377 186 4
377 188 5
377 191 4
377 192 5
377 193 5
377 194 4
377 195 5
377 196 4
377 200 5
377 202 4
377 203 4
377 204 4
377 205 3
377 208 4
377 210 4
377 211 5
377 216 4
377 219 2
377 227 5
377 230 5
377 233 4
377 238 5
377 239 5
377 257 5
377 270 5
377 271 2
377 284 1
377 285 5
377 294 3
377 300 3
377 306 5
377 310 4
377 331 1
377 339 3
377 357 5
377 372 3
377 381 1
377 383 1
377 385 4
377 391 5
377 393 4
377 395 2
377 401 2
377 402 4
377 405 3
377 414 5
377 417 3
377 419 3
377 427 5
377 428 5
377 434 4
377 436 5
377 443 4
377 447 3
377 448 5
377 451 3
377 452 3
377 461 4
377 480 5
377 496 4
377 504 4
377 511 4
377 514 5
377 516 4
377 517 4
377 520 4
377 522 5
377 523 4
377 527 4
377 528 4
377 529 4
377 530 5
377 554 2
377 559 5
377 563 2
377 566 5
377 568 5
377 575 2
377 576 1
377 603 5
377 616 5
377 622 1
377 636 3
377 637 3
377 644 5
377 649 4
377 651 4
377 655 4
377 659 5
377 674 2
377 684 4
377 686 4
377 701 4
377 704 2
377 705 4
377 710 3
377 712 4
377 729 3
377 732 5
377 735 3
377 736 4
377 746 5
377 842 3
377 855 5
378 1 3
378 7 3
378 12 3
378 22 2
378 28 2
378 31 2
378 38 3
378 58 3
378 59 3
378 60 3
378 61 3
378 62 2
378 64 3
378 69 3
378 71 2
378 81 3
378 95 2
378 98 3
378 100 3
378 109 2
378 114 3
378 118 2
378 121 2
378 132 3
378 134 3
378 139 2
378 152 4
378 154 3
378 161 2
378 163 2
378 168 3
378 170 3
378 172 2
378 176 2
378 177 2
378 180 2
378 181 2
378 183 2
378 185 3
378 186 2
378 190 2
378 194 2
378 197 3
378 208 2
378 213 4
378 215 2
378 217 2
378 222 2
378 228 2
378 229 2
378 238 3
378 241 2
378 258 2
378 265 3
378 270 2
378 306 2
378 313 3
378 315 3
378 340 3
378 356 2
378 357 3
378 382 3
378 414 4
378 416 3
378 419 3
378 423 2
378 425 3
378 427 2
378 428 3
378 435 2
378 443 2
378 449 2
378 462 4
378 463 2
378 465 5
378 474 3
378 479 3
378 483 3
378 502 2
378 506 3
378 512 3
378 515 3
378 518 3
378 521 3
378 527 2
378 529 4
378 530 2
378 549 3
378 561 2
378 566 3
378 570 4
378 573 3
378 582 4
378 587 2
378 614 2
378 629 3
378 630 3
378 631 4
378 651 2
378 652 3
378 654 3
378 663 2
378 664 3
378 665 2
378 670 3
378 684 4
378 699 3
378 708 2
378 712 2
378 729 3
378 732 2
378 736 3
378 744 3
378 750 3
378 751 2
378 753 3
378 770 2
378 856 3
378 923 3
378 956 4
378 959 2
379 1 4
379 13 3
379 14 4
379 15 3
379 16 4
379 20 4
379 30 2
379 50 4
379 59 4
379 77 2
379 79 2
379 83 4
379 89 4
379 94 3
379 95 4
379 97 4
379 99 5
379 100 4
379 102 2
379 121 4
379 129 4
379 132 4
379 133 4
379 134 4
379 135 4
379 139 4
379 150 4
379 151 4
379 175 4
379 178 4
379 191 4
379 212 4
379 214 3
379 216 2
379 217 2
379 228 4
379 259 2
379 276 5
379 281 3
379 294 3
379 303 4
379 304 4
379 318 4
379 344 3
379 378 3
379 418 3
379 443 4
379 459 4
379 462 4
379 473 5
379 479 4
379 485 3
379 487 4
379 493 4
379 495 3
379 498 4
379 501 4
379 509 4
379 517 3
379 525 4
379 526 4
379 529 4
379 582 3
379 607 3
379 631 4
379 634 4
379 640 3
379 647 4
379 652 4
379 656 4
379 657 4
379 660 4
379 673 3
379 682 2
379 693 3
379 705 4
379 724 3
379 742 3
379 771 2
379 778 3
379 855 4
379 887 4
379 898 2
379 914 2
379 931 4
379 934 3
379 961 4
379 995 4
380 7 3
380 9 3
380 23 4
380 50 3
380 56 4
380 98 3
380 100 3
380 122 2
380 127 3
380 134 3
380 135 3
380 137 3
380 150 4
380 171 4
380 177 4
380 180 3
380 183 3
380 258 4
380 276 2
380 290 2
380 332 3
380 475 2
380 481 3
380 482 3
380 507 5
380 508 2
380 531 4
380 717 2
381 14 4
381 19 5
381 58 5
381 81 4
381 86 5
381 89 5
381 100 4
381 134 4
381 135 4
381 137 5
381 180 4
381 193 4
381 197 5
381 203 4
381 205 3
381 223 4
381 237 3
381 238 5
381 268 3
381 272 3
381 285 4
381 302 3
381 315 5
381 319 5
381 321 3
381 345 5
381 357 4
381 425 4
381 427 5
381 435 4
381 464 4
381 474 4
381 475 4
381 478 5
381 479 4
381 480 4
381 483 5
381 484 4
381 496 4
381 505 5
381 514 4
381 531 5
381 603 5
381 639 3
381 641 4
381 657 4
382 272 4
382 289 4
382 302 5
382 316 5
382 327 3
382 343 3
382 355 3
382 751 4
382 989 3
383 4 2
383 8 3
383 12 4
383 18 4
383 24 3
383 29 1
383 32 3
383 37 1
383 42 3
383 47 3
383 48 4
383 50 4
383 53 2
383 56 4
383 58 4
383 59 4
383 61 4
383 79 2
383 81 4
383 82 1
383 87 4
383 89 4
383 93 4
383 98 4
383 99 4
383 111 4
383 114 5
383 122 1
383 127 2
383 128 3
383 129 4
383 131 4
383 133 2
383 134 4
383 135 4
383 136 4
383 143 3
383 144 3
383 145 1
383 151 4
383 152 4
383 153 2
383 168 4
383 169 4
383 171 4
383 172 4
383 173 4
383 174 4
383 175 4
383 177 4
383 180 3
383 181 4
383 183 4
383 186 3
383 187 4
383 189 4
383 191 4
383 192 4
383 194 4
383 195 4
383 199 4
383 200 4
383 207 2
383 208 4
383 209 4
383 211 3
383 216 3
383 217 1
383 218 1
383 219 1
383 221 4
383 224 4
383 235 4
383 236 1
383 238 4
383 249 5
383 250 4
383 253 4
383 254 2
383 256 1
383 257 2
383 262 5
383 273 2
383 276 3
383 283 5
383 285 4
383 286 4
383 290 3
383 293 4
383 304 1
383 305 4
383 318 4
383 320 4
383 325 4
383 337 1
383 340 4
383 346 4
383 347 4
383 367 3
383 383 1
383 385 3
383 403 1
383 405 1
383 408 4
383 417 1
383 419 1
383 423 4
383 425 3
383 427 4
383 428 4
383 429 4
383 430 4
383 433 4
383 435 4
383 443 4
383 447 4
383 451 3
383 455 3
383 458 4
383 461 4
383 462 4
383 473 3
383 474 4
383 479 4
383 480 4
383 482 3
383 483 4
383 485 3
383 486 1
383 487 4
383 489 4
383 492 3
383 496 4
383 498 4
383 500 4
383 502 4
383 503 3
383 506 4
383 507 3
383 508 3
383 511 4
383 512 4
383 520 4
383 521 5
383 523 3
383 524 3
383 525 4
383 526 1
383 529 4
383 557 5
383 603 4
383 604 4
383 606 4
383 616 2
383 631 4
383 650 1
383 652 4
383 653 4
383 654 4
383 657 4
383 658 3
383 659 4
383 661 4
383 663 3
383 664 3
383 673 3
383 674 1
383 675 4
383 705 4
383 719 2
383 727 2
383 732 3
383 739 1
383 745 4
383 794 4
383 851 4
383 855 3
383 865 4
383 871 2
383 896 3
383 900 4
383 919 5
383 922 3
383 940 2
383 942 4
383 945 4
383 959 4
383 961 3
383 965 4
384 24 3
384 50 5
384 121 4
384 222 4
384 273 5
384 455 3
384 685 3
384 825 3
384 833 3
384 840 2
385 2 3
385 4 4
385 7 3
385 8 4
385 10 3
385 11 3
385 13 3
385 20 3
385 22 3
385 23 4
385 24 3
385 27 5
385 31 3
385 32 4
385 33 3
385 39 1
385 47 4
385 48 3
385 50 4
385 52 4
385 55 3
385 56 2
385 58 3
385 61 3
385 62 4
385 64 4
385 68 3
385 71 3
385 76 3
385 79 3
385 81 4
385 82 3
385 83 4
385 89 4
385 91 3
385 92 1
385 93 3
385 96 3
385 97 3
385 98 3
385 99 3
385 101 3
385 102 3
385 113 3
385 114 3
385 116 3
385 117 2
385 121 3
385 123 3
385 127 2
385 129 3
385 133 3
385 135 2
385 136 4
385 144 3
385 147 3
385 151 4
385 152 4
385 156 3
385 161 3
385 168 4
385 169 4
385 176 3
385 180 3
385 181 3
385 182 3
385 183 2
385 184 4
385 186 4
385 187 2
385 189 3
385 190 4
385 192 5
385 193 4
385 194 3
385 195 3
385 196 3
385 197 3
385 198 2
385 200 1
385 201 3
385 202 3
385 203 3
385 205 3
385 206 3
385 208 4
385 209 4
385 210 3
385 211 3
385 215 2
385 217 2
385 218 3
385 219 3
385 222 4
385 223 4
385 224 4
385 226 3
385 228 4
385 229 4
385 230 3
385 231 3
385 233 4
385 238 3
385 241 4
385 246 3
385 248 3
385 250 3
385 258 4
385 265 3
385 268 3
385 273 3
385 277 3
385 288 3
385 289 3
385 293 3
385 294 3
385 295 3
385 298 3
385 317 3
385 318 3
385 319 3
385 320 3
385 321 3
385 325 3
385 333 2
385 357 2
385 380 4
385 381 2
385 385 3
385 393 3
385 403 1
385 410 3
385 414 4
385 418 3
385 423 3
385 428 4
385 429 3
385 430 4
385 431 3
385 432 4
385 435 4
385 436 4
385 441 2
385 444 4
385 446 3
385 447 3
385 448 3
385 455 3
385 458 3
385 461 4
385 463 3
385 473 3
385 474 4
385 475 2
385 477 3
385 488 4
385 496 3
385 508 1
385 511 4
385 514 4
385 515 2
385 520 4
385 526 3
385 528 4
385 547 2
385 549 3
385 558 3
385 559 2
385 561 2
385 564 2
385 566 3
385 569 4
385 578 3
385 580 3
385 582 3
385 583 4
385 593 4
385 603 4
385 619 3
385 625 3
385 642 3
385 650 3
385 651 4
385 659 4
385 663 3
385 672 2
385 674 2
385 678 2
385 679 3
385 684 3
385 692 3
385 693 3
385 697 4
385 715 3
385 732 4
385 735 3
385 737 2
385 742 3
385 744 4
385 768 2
385 769 2
385 772 2
385 773 2
385 774 3
385 789 4
385 790 3
385 806 4
385 844 2
385 845 3
385 854 3
385 856 4
385 919 3
385 942 3
385 943 4
385 952 3
385 969 3
385 972 4
385 984 3
386 5 4
386 56 4
386 100 4
386 111 3
386 117 4
386 147 4
386 184 4
386 237 5
386 259 4
386 288 5
386 298 4
386 307 4
386 310 4
386 315 5
386 323 4
386 326 5
386 333 5
386 508 3
386 569 2
386 591 4
386 628 4
386 678 2
386 680 5
386 682 2
386 690 3
386 742 4
386 769 5
386 773 4
386 816 5
386 845 4
386 871 2
386 895 2
387 4 3
387 8 3
387 23 3
387 25 3
387 28 3
387 29 2
387 38 3
387 40 3
387 42 3
387 47 3
387 50 3
387 53 2
387 56 3
387 58 3
387 59 3
387 64 3
387 65 4
387 66 3
387 69 3
387 72 3
387 77 3
387 79 4
387 80 3
387 82 3
387 88 4
387 90 2
387 94 4
387 95 4
387 98 4
387 99 3
387 100 3
387 105 2
387 109 3
387 111 3
387 118 3
387 127 3
387 131 3
387 132 3
387 136 4
387 142 4
387 151 3
387 152 3
387 153 3
387 154 3
387 159 4
387 160 3
387 167 3
387 168 3
387 172 4
387 173 3
387 174 3
387 176 4
387 178 3
387 179 3
387 181 4
387 185 3
387 186 3
387 191 3
387 194 3
387 197 3
387 202 3
387 204 3
387 205 4
387 208 3
387 210 4
387 211 4
387 216 3
387 217 2
387 234 3
387 238 3
387 249 4
387 275 4
387 283 4
387 285 4
387 300 4
387 301 3
387 346 3
387 378 3
387 383 3
387 384 2
387 393 3
387 395 2
387 396 3
387 401 2
387 404 3
387 407 2
387 410 3
387 411 2
387 414 3
387 416 3
387 420 3
387 423 3
387 428 3
387 429 3
387 435 4
387 451 3
387 454 2
387 467 4
387 471 3
387 474 3
387 475 3
387 477 4
387 478 4
387 479 4
387 480 4
387 481 3
387 483 4
387 484 4
387 490 4
387 491 4
387 492 3
387 493 4
387 497 3
387 498 3
387 499 3
387 501 3
387 502 4
387 503 3
387 504 3
387 506 3
387 507 5
387 509 4
387 510 4
387 514 4
387 517 4
387 518 4
387 519 4
387 520 4
387 525 4
387 526 3
387 550 5
387 558 3
387 568 4
387 583 3
387 584 3
387 588 4
387 591 4
387 602 3
387 604 4
387 605 3
387 607 3
387 610 3
387 612 3
387 613 4
387 615 3
387 616 3
387 630 3
387 631 5
387 642 3
387 649 2
387 656 4
387 657 3
387 661 3
387 662 4
387 671 3
387 674 2
387 693 3
387 699 4
387 700 2
387 705 3
387 712 5
387 715 3
387 731 3
387 732 3
387 736 4
387 739 3
387 756 2
387 763 2
387 778 3
387 780 2
387 785 3
387 792 4
387 820 2
387 824 2
387 835 3
387 836 3
387 845 3
387 847 4
387 923 4
387 926 2
387 942 4
387 945 4
387 954 2
387 997 1
388 1 4
388 9 4
388 13 4
388 126 4
388 258 4
388 275 3
388 302 4
388 304 4
388 319 3
388 328 4
388 329 4
388 331 4
388 740 2
388 742 3
388 845 3
388 989 2
389 9 3
389 11 3
389 12 4
389 15 2
389 22 4
389 31 4
389 47 3
389 48 4
389 56 3
389 58 4
389 59 3
389 60 5
389 64 4
389 69 3
389 71 3
389 76 5
389 89 3
389 97 2
389 100 4
389 127 3
389 132 3
389 134 3
389 148 4
389 168 4
389 173 4
389 182 4
389 188 3
389 191 4
389 195 4
389 197 4
389 200 4
389 203 4
389 204 4
389 205 3
389 213 2
389 215 4
389 222 2
389 234 4
389 237 4
389 238 4
389 258 5
389 264 3
389 276 4
389 282 3
389 286 3
389 288 2
389 294 3
389 300 5
389 318 3
389 334 3
389 357 3
389 421 3
389 458 2
389 460 2
389 471 3
389 474 4
389 479 4
389 480 4
389 482 4
389 490 3
389 491 3
389 498 4
389 504 4
389 507 3
389 508 3
389 510 3
389 511 4
389 527 4
389 530 4
389 544 3
389 546 5
389 603 3
389 604 3
389 628 3
389 646 4
389 659 3
389 661 4
389 678 2
389 748 5
389 772 2
389 774 2
389 963 4
390 8 5
390 23 5
390 58 3
390 59 5
390 99 5
390 114 4
390 129 3
390 166 3
390 169 4
390 170 5
390 172 4
390 173 4
390 178 4
390 179 5
390 180 4
390 181 4
390 189 4
390 191 4
390 197 4
390 199 4
390 200 1
390 209 4
390 244 1
390 248 4
390 249 2
390 250 3
390 255 5
390 257 4
390 260 2
390 268 3
390 270 3
390 271 2
390 272 4
390 276 4
390 285 4
390 288 2
390 289 3
390 293 4
390 294 3
390 297 3
390 300 2
390 302 3
390 303 5
390 304 3
390 310 2
390 312 5
390 313 4
390 319 3
390 321 3
390 323 1
390 324 2
390 325 5
390 328 5
390 333 2
390 340 1
390 344 3
390 345 5
390 346 2
390 347 3
390 463 4
390 482 3
390 491 4
390 492 4
390 493 4
390 511 5
390 515 4
390 534 4
390 538 3
390 615 4
390 632 4
390 650 3
390 663 3
390 705 5
390 813 4
390 847 3
390 872 2
390 873 1
390 880 5
391 2 4
391 3 4
391 4 3
391 5 2
391 7 3
391 11 3
391 12 3
391 15 3
391 17 3
391 21 4
391 22 3
391 24 3
391 25 3
391 26 4
391 27 3
391 28 3
391 29 3
391 31 3
391 36 3
391 38 4
391 40 3
391 41 2
391 42 4
391 48 4
391 49 3
391 50 3
391 51 4
391 54 3
391 55 4
391 56 3
391 58 3
391 62 3
391 64 4
391 65 3
391 67 3
391 68 4
391 69 3
391 70 3
391 71 4
391 73 3
391 78 2
391 79 3
391 81 3
391 83 3
391 84 3
391 85 3
391 86 3
391 87 4
391 88 4
391 90 4
391 94 4
391 95 4
391 99 4
391 100 3
391 105 4
391 108 4
391 109 3
391 110 3
391 111 3
391 117 3
391 118 4
391 122 1
391 123 4
391 126 3
391 128 3
391 132 3
391 135 3
391 136 4
391 138 3
391 139 4
391 142 4
391 144 3
391 147 3
391 148 4
391 153 3
391 154 3
391 161 4
391 168 3
391 169 3
391 172 3
391 173 3
391 181 3
391 184 4
391 186 3
391 189 3
391 191 4
391 194 3
391 196 3
391 202 3
391 203 3
391 204 3
391 206 3
391 215 3
391 222 3
391 223 3
391 227 4
391 228 3
391 233 4
391 237 3
391 239 3
391 240 4
391 241 3
391 243 2
391 245 3
391 252 3
391 255 3
391 257 4
391 258 3
391 265 3
391 270 4
391 271 3
391 273 3
391 274 4
391 275 4
391 278 3
391 280 3
391 281 3
391 283 3
391 290 3
391 291 4
391 294 3
391 298 4
391 303 4
391 313 3
391 316 4
391 317 4
391 318 4
391 321 3
391 323 4
391 328 3
391 333 3
391 338 3
391 342 4
391 344 3
391 347 4
391 354 3
391 355 3
391 356 3
391 357 3
391 362 3
391 363 2
391 364 4
391 365 3
391 366 3
391 369 4
391 373 3
391 374 3
391 376 4
391 377 3
391 378 4
391 380 3
391 385 3
391 386 4
391 391 2
391 393 2
391 394 3
391 396 3
391 403 3
391 404 3
391 405 3
391 409 4
391 410 3
391 412 2
391 415 3
391 417 3
391 418 3
391 419 2
391 420 3
391 421 3
391 423 4
391 431 3
391 443 3
391 456 4
391 465 4
391 470 4
391 471 3
391 472 4
391 473 4
391 476 4
391 477 4
391 479 3
391 480 3
391 496 4
391 497 3
391 500 3
391 501 3
391 527 4
391 538 3
391 539 3
391 540 2
391 544 3
391 546 4
391 550 3
391 552 3
391 553 3
391 554 3
391 559 3
391 561 3
391 566 2
391 568 4
391 569 2
391 571 2
391 576 4
391 578 3
391 588 4
391 591 4
391 596 4
391 597 4
391 622 4
391 623 2
391 628 3
391 630 3
391 633 4
391 636 3
391 644 3
391 651 4
391 655 3
391 659 4
391 672 2
391 681 2
391 683 3
391 685 3
391 686 4
391 687 3
391 690 3
391 692 3
391 696 4
391 705 4
391 710 4
391 715 3
391 717 4
391 721 2
391 722 3
391 725 4
391 727 4
391 728 4
391 731 4
391 737 4
391 739 4
391 742 3
391 747 3
391 751 4
391 755 4
391 756 4
391 761 3
391 763 3
391 771 4
391 775 3
391 778 4
391 779 4
391 780 3
391 781 3
391 783 4
391 789 4
391 792 4
391 794 4
391 797 4
391 802 3
391 805 4
391 808 3
391 810 4
391 812 3
391 815 3
391 821 4
391 824 4
391 825 4
391 826 3
391 831 4
391 836 3
391 840 3
391 841 4
391 842 3
391 843 4
391 845 3
391 870 4
391 871 3
391 876 3
391 879 3
391 890 3
391 905 3
391 922 4
391 929 4
391 930 2
391 932 4
391 939 4
391 940 3
391 944 3
391 949 4
391 951 4
391 953 4
391 964 3
391 977 4
391 996 4
391 997 4
391 999 3
391 1000 4
392 1 5
392 7 5
392 28 4
392 31 4
392 38 4
392 39 3
392 42 4
392 56 4
392 63 4
392 68 3
392 72 4
392 73 4
392 79 5
392 84 4
392 88 4
392 96 4
392 97 4
392 98 5
392 101 4
392 117 4
392 121 5
392 128 5
392 132 5
392 144 4
392 154 4
392 156 4
392 158 4
392 161 4
392 164 5
392 172 4
392 174 4
392 179 5
392 181 5
392 184 4
392 195 4
392 208 4
392 210 4
392 216 4
392 217 5
392 218 4
392 222 4
392 226 4
392 227 4
392 229 4
392 230 4
392 232 3
392 233 4
392 238 4
392 250 4
392 257 4
392 265 5
392 282 5
392 288 4
392 313 4
392 364 4
392 383 5
392 385 4
392 386 4
392 411 2
392 416 4
392 419 4
392 423 4
392 433 4
392 449 4
392 450 5
392 455 4
392 496 5
392 508 4
392 540 2
392 541 4
392 550 4
392 552 4
392 554 2
392 559 2
392 561 2
392 568 4
392 576 4
392 578 4
392 597 4
392 655 4
392 658 4
392 665 5
392 679 4
392 746 5
392 763 5
392 771 4
392 773 2
392 780 5
392 797 4
392 802 2
392 979 5
393 1 5
393 50 5
393 64 4
393 89 5
393 97 3
393 98 5
393 100 5
393 121 3
393 151 4
393 154 4
393 174 5
393 186 5
393 196 5
393 210 4
393 216 4
393 237 5
393 252 4
393 255 4
393 257 4
393 273 4
393 313 4
393 315 3
393 328 4
393 342 2
393 343 4
393 423 5
393 458 3
393 472 5
393 632 5
393 739 4
393 892 1
393 924 3
394 1 3
394 9 4
394 25 3
394 100 4
394 106 3
394 117 3
394 121 3
394 125 3
394 222 4
394 237 4
394 245 4
394 260 4
394 274 3
394 291 3
394 300 4
394 322 4
394 328 3
394 329 3
394 333 3
394 405 3
394 455 3
394 471 3
394 591 3
394 619 3
394 678 3
394 717 4
394 751 3
394 840 3
394 930 3
394 977 4
394 986 3
395 7 4
395 8 4
395 23 4
395 56 4
395 95 4
395 100 4
395 108 3
395 109 4
395 117 4
395 127 4
395 134 4
395 135 4
395 156 3
395 171 4
395 172 4
395 174 4
395 177 4
395 178 5
395 181 4
395 183 4
395 192 4
395 194 4
395 197 4
395 210 4
395 221 3
395 223 4
395 261 1
395 268 4
395 286 3
395 288 4
395 302 5
395 313 4
395 318 4
395 322 2
395 324 4
395 325 2
395 327 3
395 334 1
395 338 2
395 340 1
395 345 4
395 346 3
395 390 4
395 423 4
395 457 1
395 475 4
395 479 4
395 483 4
395 498 4
395 513 4
395 588 4
395 615 4
395 641 4
395 657 5
395 680 1
395 705 4
395 748 5
395 751 4
395 853 4
395 855 4
395 878 1
395 894 2
395 896 3
395 988 1
395 989 2
395 991 5
396 4 3
396 12 3
396 13 4
396 15 3
396 25 3
396 28 3
396 31 4
396 47 4
396 49 3
396 50 3
396 56 4
396 58 4
396 63 3
396 64 3
396 65 3
396 66 3
396 69 3
396 70 4
396 72 3
396 73 3
396 82 3
396 85 3
396 88 4
396 94 3
396 95 4
396 117 4
396 124 3
396 125 3
396 126 3
396 127 3
396 144 3
396 152 4
396 154 3
396 159 3
396 162 3
396 163 3
396 167 3
396 168 4
396 172 4
396 173 3
396 174 3
396 178 3
396 181 4
396 182 3
396 183 3
396 186 4
396 191 3
396 194 3
396 196 3
396 197 3
396 199 3
396 202 4
396 203 3
396 204 3
396 205 3
396 211 3
396 216 4
396 227 5
396 228 4
396 229 3
396 230 4
396 234 3
396 235 5
396 239 3
396 274 4
396 276 3
396 284 3
396 357 3
396 385 3
396 393 4
396 399 4
396 403 4
396 414 3
396 417 3
396 423 3
396 429 3
396 430 3
396 432 4
396 435 3
396 474 3
396 476 2
396 479 3
396 480 3
396 481 3
396 485 2
396 491 3
396 493 3
396 494 4
396 495 3
396 496 3
396 497 4
396 498 3
396 501 3
396 502 3
396 504 3
396 510 3
396 514 4
396 519 3
396 520 3
396 521 4
396 525 3
396 588 3
396 589 3
396 591 3
396 602 4
396 648 3
396 654 4
396 663 4
396 692 5
396 700 2
396 710 3
396 715 3
396 732 4
396 735 4
396 737 5
396 756 2
396 796 3
396 953 3
396 969 3
396 991 3
396 993 3
397 2 2
397 5 3
397 8 2
397 9 3
397 15 2
397 22 3
397 26 3
397 31 3
397 33 3
397 38 3
397 41 3
397 42 2
397 48 2
397 53 2
397 55 3
397 56 3
397 57 3
397 58 3
397 62 3
397 63 3
397 66 3
397 67 2
397 68 3
397 69 3
397 71 3
397 72 3
397 73 3
397 77 3
397 79 3
397 80 3
397 84 3
397 91 3
397 94 3
397 95 3
397 97 3
397 98 3
397 99 3
397 102 2
397 110 3
397 114 3
397 117 2
397 118 3
397 121 3
397 127 3
397 128 3
397 132 3
397 140 3
397 143 3
397 144 3
397 147 3
397 148 3
397 153 3
397 154 3
397 155 3
397 156 3
397 157 2
397 161 3
397 164 3
397 172 3
397 173 3
397 174 3
397 175 3
397 179 3
397 180 3
397 181 2
397 186 3
397 187 3
397 188 4
397 195 3
397 196 3
397 203 3
397 204 3
397 210 2
397 214 3
397 215 3
397 219 3
397 223 3
397 226 3
397 227 3
397 228 3
397 229 3
397 230 3
397 231 2
397 233 3
397 234 3
397 237 3
397 238 3
397 239 3
397 241 3
397 264 2
397 265 3
397 268 3
397 273 3
397 274 3
397 276 3
397 282 3
397 284 3
397 288 3
397 289 3
397 291 3
397 295 3
397 301 3
397 307 3
397 318 3
397 323 3
397 332 3
397 338 2
397 340 5
397 364 3
397 372 3
397 378 3
397 382 3
397 383 3
397 384 2
397 385 3
397 386 3
397 388 3
397 389 3
397 393 3
397 399 3
397 400 3
397 401 3
397 402 3
397 403 3
397 405 3
397 407 2
397 412 3
397 413 3
397 418 3
397 420 3
397 423 3
397 431 3
397 432 2
397 436 3
397 444 3
397 450 3
397 451 3
397 452 3
397 454 2
397 455 3
397 459 3
397 470 3
397 471 3
397 475 2
397 486 3
397 496 3
397 501 3
397 506 3
397 508 3
397 527 3
397 531 3
397 542 2
397 543 3
397 544 3
397 546 3
397 549 3
397 550 3
397 551 2
397 554 2
397 559 3
397 564 2
397 566 3
397 568 3
397 575 3
397 576 3
397 578 3
397 582 3
397 587 3
397 588 3
397 591 2
397 597 3
397 616 3
397 622 3
397 628 3
397 633 3
397 651 3
397 655 2
397 673 3
397 679 2
397 684 3
397 693 3
397 697 3
397 710 3
397 720 2
397 722 3
397 727 3
397 732 3
397 735 3
397 738 3
397 742 3
397 744 3
397 747 3
397 754 3
397 755 2
397 760 2
397 763 3
397 768 3
397 769 2
397 772 2
397 774 2
397 779 3
397 781 3
397 806 3
397 809 3
397 813 3
397 817 2
397 824 2
397 825 3
397 826 2
397 845 3
397 924 3
397 926 2
397 928 2
397 941 3
397 946 3
397 959 3
397 969 3
397 975 5
397 977 3
397 986 2
398 258 3
398 286 3
398 288 3
398 294 3
398 300 3
398 304 3
398 332 3
398 689 3
398 690 3
399 9 2
399 11 2
399 13 3
399 14 2
399 25 3
399 26 3
399 44 2
399 50 2
399 64 2
399 65 2
399 69 3
399 70 2
399 71 2
399 83 2
399 97 3
399 100 2
399 117 2
399 127 2
399 133 2
399 135 1
399 143 4
399 144 2
399 147 3
399 151 1
399 153 2
399 154 2
399 157 2
399 161 1
399 162 1
399 172 2
399 173 2
399 174 2
399 181 2
399 194 1
399 196 2
399 197 2
399 198 1
399 199 1
399 202 3
399 204 3
399 210 2
399 225 3
399 248 1
399 257 3
399 272 3
399 273 1
399 275 3
399 276 3
399 280 3
399 282 3
399 294 2
399 302 3
399 312 3
399 315 3
399 316 2
399 321 3
399 322 3
399 328 3
399 342 3
399 356 3
399 357 3
399 365 2
399 371 4
399 385 2
399 404 2
399 430 2
399 435 2
399 451 3
399 462 3
399 471 3
399 473 1
399 477 1
399 478 3
399 481 2
399 483 2
399 485 2
399 486 1
399 493 3
399 499 3
399 501 2
399 507 3
399 508 1
399 509 2
399 511 2
399 515 2
399 519 3
399 520 3
399 527 2
399 528 2
399 535 3
399 553 3
399 566 3
399 582 1
399 588 1
399 603 3
399 604 3
399 609 1
399 630 3
399 632 3
399 638 2
399 651 1
399 654 3
399 655 3
399 659 2
399 661 3
399 684 3
399 707 2
399 724 3
399 735 2
399 748 1
399 762 3
399 815 3
399 866 3
399 892 2
400 7 4
400 9 4
400 10 4
400 12 4
400 13 4
400 16 4
400 19 3
400 25 3
400 42 4
400 50 4
400 111 4
400 116 3
400 117 4
400 124 4
400 126 4
400 127 4
400 135 4
400 151 4
400 182 3
400 204 4
400 235 3
400 237 4
400 245 3
400 255 3
400 257 4
400 273 3
400 276 3
400 286 3
400 455 4
400 471 4
400 475 4
400 476 2
400 479 4
400 480 4
400 483 3
400 511 5
400 515 4
400 529 4
400 628 4
400 696 4
400 864 2
