100 288 3
100 304 2
100 369 3
100 370 3
100 405 3
100 411 4
100 412 4
100 471 3
100 596 3
100 597 3
100 717 3
100 742 3
100 756 3
100 815 3
100 819 3
100 820 3
100 826 3
100 829 3
100 840 3
100 841 3
100 845 3
100 846 3
100 924 3
100 926 3
100 928 3
100 975 3
100 979 3
101 326 3
101 327 3
101 328 3
101 332 3
101 334 2
101 338 4
101 350 3
101 358 3
101 363 2
101 373 1
101 385 4
101 386 4
101 391 3
101 393 3
101 396 4
101 399 5
101 403 3
101 405 3
101 409 1
101 411 4
101 418 4
101 431 5
101 432 5
101 436 5
101 443 1
101 444 2
101 445 4
101 448 4
101 450 1
101 476 4
101 501 2
101 502 3
101 510 3
101 515 1
101 522 3
101 524 1
101 530 5
101 541 3
101 546 3
101 548 3
101 554 3
101 559 3
101 565 3
101 566 3
101 568 3
101 576 3
101 577 3
101 578 3
101 588 3
101 596 3
101 597 3
101 612 3
101 625 3
101 629 3
101 635 3
101 636 3
101 650 3
101 652 3
101 655 3
101 663 3
101 665 3
101 667 3
101 671 3
101 672 3
101 675 3
101 685 3
101 686 3
101 689 3
101 720 3
101 732 3
101 734 3
101 746 3
101 748 3
101 751 3
101 768 3
101 771 3
101 778 3
101 797 3
101 809 3
101 810 3
101 823 3
101 827 3
101 831 3
101 840 3
101 841 3
101 856 3
101 866 3
101 892 3
101 930 3
101 986 3
101 993 3
102 211 3
102 222 3
102 234 3
102 250 3
102 252 3
102 255 3
102 257 4
102 300 3
102 301 2
102 405 3
102 471 2
102 487 4
102 527 2
103 301 3
103 302 3
103 307 3
103 311 3
103 312 3
103 313 4
103 316 4
103 324 2
103 325 2
103 327 3
103 330 2
103 331 3
103 332 3
103 333 4
103 342 2
103 345 3
103 346 3
103 347 2
103 354 4
103 405 3
103 411 4
103 412 4
103 456 3
103 475 1
103 508 5
103 534 3
103 544 3
103 546 3
103 591 3
103 628 3
103 713 3
103 744 3
103 748 3
103 750 3
103 751 3
103 756 3
103 823 3
103 825 3
103 827 3
103 840 3
103 845 3
103 847 3
103 871 3
103 895 3
103 926 3
103 984 3
104 302 3
104 307 3
104 313 4
104 324 2
104 327 3
104 333 4
104 340 3
104 690 3
104 748 3
104 752 3
105 223 3
105 244 3
105 273 3
105 274 3
105 275 3
105 280 3
105 285 4
105 286 3
105 313 4
105 435 3
105 495 1
105 526 2
105 566 3
105 582 3
105 584 3
105 647 3
105 660 3
105 684 3
105 692 3
105 699 3
105 703 3
105 712 3
105 739 3
105 778 3
105 828 3
105 923 3
105 956 3
106 302 3
106 305 3
106 312 3
106 313 4
106 321 3
106 323 3
106 333 4
106 340 3
106 902 3
107 252 3
107 255 3
107 275 3
107 282 3
107 284 3
107 290 3
107 294 3
107 304 2
107 319 3
107 405 3
107 471 3
107 515 1
107 718 3
107 740 3
107 748 3
107 931 3
108 258 4
108 265 4
108 278 3
108 281 3
108 282 3
108 288 3
108 291 3
108 294 3
108 295 4
108 317 3
108 318 4
108 322 2
108 323 3
108 332 3
108 356 3
108 357 4
108 365 2
108 367 1
108 373 1
108 380 3
108 386 4
108 388 4
108 391 2
108 392 4
108 393 3
108 395 1
108 402 3
108 403 3
108 405 3
108 409 1
108 411 4
108 413 2
108 423 3
108 425 1
108 431 5
108 441 4
108 449 1
108 451 2
108 452 4
108 472 2
108 475 1
108 508 5
108 520 1
108 527 2
108 531 2
108 542 3
108 545 3
108 546 3
108 550 3
108 552 3
108 559 3
108 564 3
108 566 3
108 568 3
108 576 3
108 584 3
108 588 3
108 597 3
108 627 3
108 628 3
108 631 3
108 636 3
108 655 3
108 665 3
108 672 3
108 679 3
108 715 3
108 722 3
108 732 3
108 735 3
108 739 3
108 742 3
108 748 3
108 755 3
108 762 3
108 763 3
108 790 3
108 796 3
108 797 3
108 809 3
108 820 3
108 823 3
108 834 3
108 845 3
108 849 3
108 866 3
108 928 3
108 930 3
108 931 3
108 940 3
108 944 3
108 949 3
108 975 3
108 986 3
109 332 3
109 333 4
109 340 3
109 366 1
109 367 1
109 376 5
109 384 1
109 385 4
109 393 3
109 397 4
109 401 4
109 402 3
109 421 3
109 423 3
109 451 3
109 468 2
109 540 3
109 550 3
109 566 3
109 568 3
109 575 3
109 578 3
109 586 3
109 642 3
109 658 3
109 682 3
109 684 3
109 688 3
109 689 3
109 692 3
109 715 3
109 732 3
109 734 3
109 748 3
109 751 3
109 759 3
109 765 3
109 779 3
109 783 3
109 790 3
109 791 3
109 794 3
109 802 3
109 806 3
109 808 3
109 849 3
109 873 3
109 895 3
109 905 3
109 944 3
110 315 4
110 321 3
110 326 3
110 328 3
110 333 4
110 340 3
110 344 1
110 354 4
110 887 3
110 896 3
111 325 3
111 327 3
111 331 3
111 339 2
111 346 3
111 347 3
111 354 4
111 678 3
111 689 3
111 748 3
111 750 3
111 751 3
111 754 3
111 879 3
111 887 3
111 891 3
111 903 3
111 937 3
111 984 3
112 288 3
112 289 3
112 292 3
112 294 3
112 303 3
112 319 3
112 321 4
112 322 3
112 323 3
112 324 2
112 325 2
112 326 3
112 327 3
112 328 3
112 329 3
112 424 1
112 508 5
112 595 3
112 678 3
112 874 3
112 948 3
112 976 3
113 210 3
113 269 3
113 318 4
113 357 4
113 474 4
113 482 3
113 483 1
113 485 1
113 496 4
113 505 2
113 507 4
113 520 1
113 615 3
113 640 3
113 646 3
113 654 3
113 655 3
113 659 3
113 679 3
113 855 3
114 234 3
114 237 3
114 240 3
114 265 4
114 269 3
114 273 3
114 279 3
114 282 3
114 284 3
114 310 3
114 317 3
114 357 4
114 431 5
114 443 1
114 462 2
114 466 1
114 470 1
114 471 3
114 475 1
114 479 1
114 496 5
114 511 1
114 530 5
114 543 3
114 596 3
114 642 3
114 654 3
114 657 3
114 673 3
114 741 3
114 762 3
114 763 3
114 847 3
114 922 3
114 952 3
114 969 3
114 980 3
115 325 2
115 328 3
115 331 3
115 332 3
115 333 4
115 340 3
115 344 1
115 346 3
115 347 3
115 349 4
115 350 3
115 355 3
115 358 3
115 390 5
115 421 3
115 479 1
115 484 1
115 511 1
115 515 1
115 519 5
115 531 3
115 539 3
115 582 3
115 603 3
115 604 3
115 607 3
115 640 3
115 655 3
115 661 3
115 678 3
115 730 3
115 748 3
115 750 3
115 751 3
115 758 3
115 760 3
115 806 3
115 840 3
115 872 3
115 879 3
115 880 3
115 887 3
115 888 3
115 895 3
115 896 3
115 900 3
115 902 3
115 903 3
115 905 3
115 914 3
115 942 3
115 993 3
116 258 4
116 265 4
116 268 3
116 288 3
116 298 3
116 307 3
116 313 4
116 338 4
116 358 3
116 368 2
116 405 3
116 406 1
116 410 1
116 411 4
116 421 3
116 423 3
116 546 3
116 588 3
116 596 3
116 597 3
116 628 3
116 678 3
116 742 3
116 743 3
116 748 3
116 751 3
116 758 3
116 763 3
116 772 3
116 789 3
116 829 3
116 886 3
116 928 3
116 977 3
117 288 3
117 320 4
117 324 2
117 396 4
117 413 3
117 421 3
117 433 4
117 436 5
117 474 5
117 475 1
117 511 1
117 513 3
117 528 1
117 547 3
117 551 3
117 558 3
117 559 3
117 564 3
117 603 3
117 641 3
117 654 3
117 655 3
117 672 3
117 675 3
117 774 3
117 800 3
117 816 3
117 844 3
117 853 3
117 919 3
117 960 3
118 313 4
118 322 3
118 328 3
118 329 3
118 332 3
118 338 4
118 340 3
118 348 3
118 354 4
118 382 3
118 385 4
118 392 4
118 405 3
118 407 2
118 410 1
118 412 4
118 451 3
118 455 3
118 459 1
118 472 2
118 486 3
118 506 1
118 511 1
118 526 2
118 537 3
118 544 3
118 546 3
118 550 3
118 562 3
118 568 3
118 591 3
118 595 3
118 597 3
118 616 3
118 628 3
118 658 3
118 684 3
118 685 3
118 689 3
118 697 3
118 710 3
118 716 3
118 717 3
118 718 3
118 741 3
118 742 3
118 755 3
118 762 3
118 813 3
118 823 3
118 825 3
118 826 3
118 829 3
118 831 3
118 845 3
118 866 3
118 879 3
118 916 3
118 917 3
118 930 3
118 931 3
118 977 3
118 982 3
118 986 3
118 995 3
119 252 3
119 257 4
119 258 3
119 282 3
119 286 3
119 405 3
119 546 3
119 742 3
119 827 3
119 924 3
120 282 3
120 291 3
120 294 3
120 298 3
120 300 3
120 313 4
120 347 3
120 357 4
120 405 3
120 411 4
120 427 2
120 428 1
120 472 2
120 479 1
120 508 5
120 509 2
120 514 1
120 515 1
120 546 3
120 582 3
120 595 3
120 628 3
120 631 3
120 644 3
120 717 3
120 740 3
120 742 3
120 744 3
120 792 3
120 937 3
121 427 3
121 429 5
121 464 2
121 469 5
121 470 1
121 509 2
121 510 3
121 511 1
121 553 3
121 570 3
121 582 3
121 660 3
121 661 3
121 673 3
121 708 3
121 715 3
121 724 3
121 727 3
121 736 3
121 737 3
121 792 3
121 956 3
122 319 3
122 427 3
122 432 5
122 435 3
122 462 2
122 479 1
122 480 4
122 482 3
122 483 1
122 485 1
122 487 4
122 504 3
122 511 1
122 514 1
122 523 1
122 531 3
122 606 3
122 657 3
122 704 3
122 707 3
122 735 3
122 847 3
122 962 3
123 166 3
123 168 3
123 172 4
123 173 4
123 174 4
123 195 3
123 209 3
123 226 3
123 474 5
123 496 5
123 550 3
123 616 3
124 340 3
124 346 3
124 357 4
124 364 2
124 367 1
124 369 3
124 372 3
124 376 5
124 382 3
124 383 5
124 384 1
124 386 4
124 388 4
124 393 3
124 395 1
124 399 5
124 401 4
124 407 2
124 411 4
124 412 4
124 427 3
124 430 2
124 434 2
124 435 3
124 451 3
124 455 3
124 474 5
124 475 1
124 478 1
124 479 1
124 482 3
124 483 1
124 485 1
124 493 2
124 496 5
124 498 2
124 508 5
124 511 1
124 513 3
124 520 1
124 568 3
124 577 3
124 585 3
124 615 3
124 648 3
124 657 3
124 659 3
124 687 3
124 692 3
124 705 3
124 709 3
124 722 3
124 728 3
124 732 3
124 734 3
124 746 3
124 748 3
124 751 3
124 756 3
124 780 3
124 781 3
124 785 3
124 790 3
124 796 3
124 801 3
124 813 3
124 864 3
124 914 3
124 926 3
124 940 3
124 945 3
124 949 3
124 996 3
124 997 3
124 999 3
124 1000 3
125 327 3
125 328 3
125 332 3
125 333 4
125 337 3
125 340 3
125 344 1
125 346 3
125 350 3
125 353 4
125 678 3
125 681 3
125 682 3
125 690 3
125 751 3
125 752 3
125 878 3
125 884 3
125 905 3
126 288 3
126 294 3
126 300 3
126 343 3
126 380 3
126 449 1
126 450 1
126 748 3
126 750 3
126 901 3
127 328 3
127 340 3
127 367 1
127 371 4
127 378 3
127 381 4
127 387 4
127 392 4
127 393 3
127 402 3
127 404 1
127 405 3
127 417 1
127 418 4
127 419 2
127 422 3
127 423 3
127 425 3
127 427 3
127 432 5
127 433 4
127 451 3
127 465 1
127 471 3
127 478 1
127 482 3
127 483 1
127 485 1
127 487 4
127 490 5
127 494 3
127 497 1
127 499 2
127 501 2
127 505 2
127 508 5
127 568 3
127 588 3
127 591 3
127 602 3
127 603 3
127 605 3
127 609 3
127 614 3
127 622 3
127 651 3
127 652 3
127 655 3
127 660 3
127 684 3
127 685 3
127 686 3
127 690 3
127 692 3
127 705 3
127 715 3
127 723 3
127 729 3
127 732 3
127 736 3
127 739 3
127 742 3
127 747 3
127 763 3
127 770 3
127 785 3
127 790 3
127 815 3
127 838 3
127 869 3
127 873 3
127 924 3
127 942 3
127 949 3
127 955 3
127 965 3
127 966 3
128 307 3
128 311 3
128 313 4
128 327 3
128 331 3
128 339 2
128 678 3
128 748 3
128 873 3
128 882 3
128 903 3
128 906 3
128 995 3
129 331 3
129 332 3
129 333 4
129 335 2
129 342 2
129 343 3
129 346 3
129 353 4
129 354 4
129 356 3
129 357 4
129 358 3
129 363 2
129 366 1
129 367 1
129 374 5
129 379 2
129 385 4
129 392 4
129 393 3
129 398 5
129 403 3
129 405 3
129 407 2
129 410 1
129 411 4
129 412 4
129 413 3
129 418 4
129 420 1
129 423 3
129 426 3
129 427 3
129 433 4
129 436 5
129 443 1
129 449 1
129 450 1
129 452 4
129 453 3
129 455 3
129 465 1
129 469 5
129 470 1
129 472 2
129 475 1
129 477 5
129 496 5
129 501 2
129 508 5
129 527 2
129 531 3
129 532 3
129 534 3
129 538 3
129 541 3
129 542 3
129 546 3
129 550 3
129 554 3
129 555 3
129 564 3
129 565 3
129 566 3
129 567 3
129 568 3
129 569 3
129 572 3
129 578 3
129 588 3
129 589 3
129 596 3
129 597 3
129 619 3
129 622 3
129 625 3
129 627 3
129 642 3
129 658 3
129 665 3
129 669 3
129 672 3
129 678 3
129 682 3
129 684 3
129 685 3
129 689 3
129 692 3
129 717 3
129 721 3
129 729 3
129 731 3
129 739 3
129 742 3
129 743 3
129 746 3
129 748 3
129 756 3
129 763 3
129 765 3
129 769 3
129 772 3
129 779 3
129 798 3
129 800 3
129 806 3
129 808 3
129 815 3
129 816 3
129 827 3
129 833 3
129 864 3
129 876 3
129 881 3
129 888 3
129 890 3
129 892 3
129 894 3
129 895 3
129 901 3
129 929 3
129 930 3
129 931 3
129 932 3
129 934 3
129 939 3
129 940 3
129 944 3
129 946 3
129 949 3
129 959 3
129 974 3
129 975 3
129 982 3
129 993 3
130 269 3
130 274 3
130 275 3
130 276 3
130 285 4
130 286 3
130 293 3
130 302 2
130 313 4
130 744 3
130 750 3
130 813 3
130 845 3
131 175 3
131 251 3
131 275 4
131 285 4
131 286 3
131 484 1
131 521 3
131 523 1
131 922 3
132 313 4
132 315 4
132 316 4
132 322 3
132 328 3
132 343 3
132 346 3
132 749 3
132 750 3
132 751 3
132 902 3
133 316 4
133 323 3
133 326 3
133 328 3
133 339 2
133 539 3
133 748 3
133 751 3
133 879 3
133 892 3
134 265 4
134 288 3
134 294 3
134 321 4
134 324 2
134 325 2
134 327 3
134 379 2
134 431 5
134 443 1
134 449 1
134 452 4
134 470 1
134 475 1
134 504 3
134 564 3
134 566 3
134 603 3
134 642 3
134 653 3
134 744 3
134 802 3
134 939 3
134 943 3
135 269 3
135 275 3
135 276 3
135 283 4
135 286 3
135 298 3
135 303 3
135 313 4
135 318 4
135 475 1
135 515 1
135 525 5
135 647 3
135 744 3
135 747 3
135 847 3
136 249 3
136 250 3
136 257 4
136 260 2
136 261 2
136 266 3
136 289 3
136 300 3
136 327 3
136 385 4
136 405 3
136 411 4
136 472 2
136 476 4
136 546 3
136 597 3
136 680 3
136 687 3
136 748 3
136 866 3
136 892 3
137 222 3
137 238 4
137 285 4
137 318 4
137 357 4
137 435 3
137 483 1
137 484 1
137 487 4
137 493 2
137 496 5
137 509 2
137 513 3
137 514 1
137 517 1
137 518 1
137 519 5
137 523 1
137 602 3
137 603 3
137 614 3
137 617 3
137 662 3
138 296 4
138 297 3
138 302 3
138 303 3
138 307 3
138 458 3
138 460 3
138 508 5
138 676 3
138 740 3
139 304 3
139 319 3
139 322 3
139 325 3
139 332 3
139 334 2
139 872 3
139 873 3
139 880 3
140 298 3
140 300 3
140 313 4
140 322 3
140 323 3
140 328 3
140 330 2
140 333 4
140 335 2
140 346 3
140 405 3
140 407 2
140 409 1
140 410 1
140 471 3
140 472 2
140 476 4
140 535 3
140 546 3
140 597 3
140 619 3
140 676 3
140 678 3
140 696 3
140 717 3
140 744 3
140 748 3
140 750 3
140 756 3
140 815 3
140 823 3
140 825 3
140 826 3
140 831 3
140 864 3
140 871 3
140 872 3
140 880 3
140 926 3
140 930 3
140 932 3
140 974 3
140 985 3
141 259 2
141 288 3
141 294 3
141 315 4
141 333 4
141 346 3
141 350 3
141 358 3
141 362 1
141 408 3
141 425 3
141 463 3
141 514 1
141 895 3
142 325 3
142 326 3
142 328 3
142 331 3
142 333 4
142 347 2
142 682 3
143 285 4
143 286 3
143 288 3
143 293 3
143 297 3
143 298 3
143 300 3
143 302 3
143 303 3
143 304 2
143 307 3
143 313 4
143 316 4
143 318 4
143 319 3
143 326 3
143 327 3
143 328 3
143 333 4
143 343 3
143 357 4
143 393 3
143 403 3
143 405 3
143 410 1
143 423 3
143 435 3
143 454 5
143 461 4
143 466 1
143 470 1
143 471 3
143 474 5
143 475 1
143 476 4
143 478 1
143 480 4
143 500 1
143 508 5
143 514 1
143 516 5
143 518 1
143 521 3
143 523 1
143 524 1
143 528 1
143 531 3
143 533 3
143 588 3
143 591 3
143 597 3
143 632 3
143 647 3
143 651 3
143 654 3
143 655 3
143 685 3
143 699 3
143 707 3
143 709 3
143 713 3
143 727 3
143 729 3
143 742 3
143 747 3
143 750 3
143 751 3
143 762 3
143 778 3
143 785 3
143 815 3
143 823 3
143 831 3
143 845 3
143 847 3
143 855 3
143 880 3
143 900 3
143 942 3
143 956 3
143 960 3
143 961 3
143 963 3
144 405 3
144 406 1
144 407 2
144 410 1
144 411 4
144 412 4
144 413 3
144 431 5
144 443 1
144 447 5
144 448 4
144 450 1
144 452 4
144 454 5
144 460 3
144 470 1
144 471 3
144 472 2
144 477 5
144 486 3
144 510 3
144 515 1
144 546 3
144 549 3
144 552 3
144 553 3
144 554 3
144 558 3
144 559 3
144 563 3
144 566 3
144 569 3
144 572 3
144 574 3
144 591 3
144 592 3
144 595 3
144 597 3
144 603 3
144 620 3
144 631 3
144 635 3
144 636 3
144 637 3
144 642 3
144 650 3
144 652 3
144 665 3
144 672 3
144 673 3
144 674 3
144 678 3
144 680 3
144 682 3
144 683 3
144 684 3
144 685 3
144 687 3
144 688 3
144 690 3
144 692 3
144 696 3
144 713 3
144 717 3
144 727 3
144 728 3
144 731 3
144 732 3
144 737 3
144 738 3
144 739 3
144 743 3
144 750 3
144 751 3
144 752 3
144 756 3
144 760 3
144 761 3
144 762 3
144 763 3
144 764 3
144 767 3
144 770 3
144 771 3
144 789 3
144 796 3
144 800 3
144 816 3
144 820 3
144 821 3
144 823 3
144 825 3
144 826 3
144 831 3
144 859 3
144 877 3
144 879 3
144 890 3
144 892 3
144 894 3
144 895 3
144 896 3
144 898 3
144 901 3
144 924 3
144 925 3
144 928 3
144 929 3
144 930 3
144 933 3
144 934 3
144 939 3
144 949 3
144 974 3
144 977 3
144 979 3
144 983 3
144 988 3
144 993 3
145 315 3
145 319 3
145 327 3
145 328 3
145 331 3
145 336 3
145 340 3
145 345 3
145 346 3
145 347 3
145 688 3
146 339 2
146 340 3
146 345 3
146 690 3
146 750 3
146 751 3
146 898 3
146 904 3
146 937 3
147 191 3
147 204 3
147 209 3
147 214 3
147 222 3
147 227 3
147 228 3
147 234 3
147 357 4
147 408 3
147 418 4
147 432 5
147 473 4
147 474 5
147 495 1
147 496 5
147 501 2
147 507 5
147 509 2
147 521 3
147 529 2
147 549 3
147 588 3
147 596 3
147 663 3
147 713 3
147 993 3
148 319 3
148 321 3
148 323 3
148 325 2
148 326 3
148 327 3
148 328 3
148 337 3
148 338 4
148 346 3
148 678 3
148 689 3
148 874 3
148 896 3
149 246 3
149 268 3
149 273 3
149 276 3
149 278 3
149 288 3
149 293 3
149 319 3
149 324 2
149 325 2
149 410 1
149 458 3
149 475 1
149 628 3
150 411 4
150 414 4
150 417 1
150 419 2
150 420 1
150 425 1
150 428 1
150 429 5
150 430 2
150 432 5
150 433 4
150 435 3
150 443 1
150 448 4
150 451 3
150 461 4
150 462 2
150 463 3
150 464 2
150 466 1
150 469 5
150 470 1
150 473 4
150 474 5
150 476 4
150 478 2
150 480 4
150 481 5
150 482 3
150 483 1
150 484 1
150 485 1
150 486 3
150 487 4
150 488 5
150 489 3
150 490 5
150 492 3
150 494 3
150 496 5
150 497 1
150 499 2
150 503 2
150 504 3
150 505 2
150 506 1
150 507 5
150 509 2
150 512 1
150 514 1
150 516 5
150 517 1
150 522 3
150 523 1
150 525 5
150 528 1
150 529 2
150 546 3
150 549 3
150 561 3
150 566 3
150 582 3
150 584 3
150 602 3
150 603 3
150 605 3
150 606 3
150 609 3
150 614 3
150 627 3
150 628 3
150 631 3
150 632 3
150 633 3
150 638 3
150 642 3
150 652 3
150 654 3
150 655 3
150 657 3
150 659 3
150 660 3
150 661 3
150 662 3
150 663 3
150 675 3
150 684 3
150 692 3
150 699 3
150 702 3
150 703 3
150 707 3
150 709 3
150 716 3
150 724 3
150 729 3
150 732 3
150 735 3
150 736 3
150 741 3
150 747 3
150 748 3
150 755 3
150 761 3
150 770 3
150 775 3
150 781 3
150 782 3
150 792 3
150 813 3
150 826 3
150 835 3
150 837 3
150 845 3
150 847 3
150 919 3
150 929 3
150 939 3
150 952 3
150 953 3
150 956 3
150 962 3
150 965 3
150 969 3
150 971 3
150 972 3
151 275 3
151 278 3
151 280 3
151 284 3
151 286 3
151 301 2
151 313 4
151 354 4
151 364 2
151 371 4
151 402 3
151 410 1
151 411 4
151 412 4
151 423 3
151 483 1
151 487 4
151 504 2
151 527 2
151 549 3
151 596 3
151 632 3
151 685 3
151 692 3
151 699 3
151 716 3
151 720 3
151 724 3
151 739 3
151 740 3
151 775 3
151 778 3
151 780 3
151 781 3
151 783 3
151 785 3
151 790 3
151 794 3
151 845 3
151 866 3
151 871 3
151 966 3
152 216 3
152 258 3
152 265 4
152 294 3
152 321 4
152 323 3
152 325 2
152 357 4
152 510 3
152 678 3
153 324 2
153 333 4
153 357 4
153 414 4
153 462 2
153 474 5
153 479 1
153 480 4
153 482 3
153 484 1
153 488 5
153 515 1
153 527 2
153 640 3
153 642 3
153 651 3
153 708 3
153 806 3
153 874 3
153 919 3
153 945 3
154 325 3
154 326 2
154 327 3
154 328 3
154 331 2
154 332 3
154 748 3
154 988 3
154 990 3
155 197 4
155 205 3
155 211 3
155 276 3
155 317 3
155 318 4
155 346 3
155 357 4
155 510 3
155 515 1
155 641 3
155 651 3
155 661 3
155 772 3
155 806 3
156 276 3
156 283 4
156 286 3
156 289 3
156 290 3
156 293 3
156 298 3
156 313 4
156 340 3
156 405 3
156 407 2
156 410 1
156 476 4
156 508 5
156 515 1
156 597 3
156 685 3
156 740 3
156 748 3
156 934 3
157 233 3
157 235 2
157 238 4
157 239 3
157 241 3
157 244 3
157 250 3
157 252 3
157 271 3
157 273 3
157 275 3
157 277 3
157 283 4
157 284 3
157 286 3
157 293 3
157 325 2
157 367 1
157 373 1
157 399 5
157 403 3
157 408 3
157 410 1
157 414 4
157 430 2
157 433 4
157 435 3
157 449 1
157 450 1
157 455 3
157 471 3
157 472 2
157 483 1
157 502 3
157 510 3
157 511 1
157 516 5
157 525 5
157 530 5
157 544 3
157 546 3
157 550 3
157 562 3
157 566 3
157 568 3
157 570 3
157 576 3
157 580 3
157 583 3
157 593 3
157 636 3
157 652 3
157 659 3
157 665 3
157 684 3
157 686 3
157 694 3
157 729 3
157 731 3
157 742 3
157 744 3
157 745 3
157 770 3
157 797 3
157 798 3
157 803 3
157 809 3
157 810 3
157 823 3
157 825 3
157 866 3
157 985 3
158 323 3
158 326 3
158 328 3
158 333 4
158 364 2
158 405 3
158 411 4
158 412 4
158 451 3
158 456 3
158 471 3
158 476 4
158 546 3
158 588 3
158 595 3
158 628 3
158 678 3
158 685 3
158 748 3
158 756 3
158 815 3
158 829 3
158 831 3
158 832 3
158 866 3
158 871 3
158 872 3
158 876 3
158 877 3
158 881 3
158 918 3
158 930 3
158 948 3
158 988 3
159 240 3
159 248 3
159 273 3
159 276 3
159 282 3
159 285 4
159 293 3
159 328 3
159 405 3
159 410 1
159 412 4
159 430 2
159 432 5
159 447 5
159 455 3
159 460 3
159 461 4
159 462 2
159 463 3
159 474 5
159 475 1
159 483 1
159 484 1
159 497 1
159 508 5
159 514 1
159 531 3
159 544 3
159 564 3
159 589 3
159 603 3
159 604 3
159 640 3
159 671 3
159 693 3
159 719 3
159 762 3
159 763 3
159 770 3
159 825 3
159 844 3
159 864 3
159 922 3
159 926 3
159 933 3
159 955 3
159 969 3
160 215 3
160 257 4
160 265 4
160 272 4
160 274 3
160 276 3
160 284 3
160 286 3
160 309 3
160 315 4
160 316 4
160 318 4
160 428 1
160 435 3
160 473 4
160 483 1
160 486 3
160 487 4
160 496 5
160 508 5
160 523 1
160 582 3
160 640 3
160 654 3
160 898 3
161 208 3
161 222 3
161 230 3
161 237 3
161 254 2
161 298 2
161 358 3
161 403 3
161 508 5
161 544 3
161 597 3
161 628 3
161 685 3
161 710 3
161 742 3
161 943 3
162 286 3
162 288 3
162 300 3
162 301 3
162 305 3
162 318 4
162 347 3
162 357 4
162 433 4
162 879 3
163 342 2
163 370 3
163 405 3
163 406 1
163 407 2
163 411 4
163 458 3
163 471 3
163 472 2
163 515 1
163 597 3
163 619 3
163 620 3
163 678 3
163 685 3
163 689 3
163 717 3
163 742 3
163 748 3
163 751 3
163 823 3
163 825 3
163 845 3
163 866 3
163 926 3
163 930 3
163 934 3
163 984 3
164 260 2
164 270 3
164 288 3
164 304 2
164 318 4
164 325 2
164 328 3
164 332 3
164 372 3
164 419 2
164 500 1
164 651 3
165 323 3
165 328 3
165 343 3
165 346 3
165 347 2
165 748 3
165 751 3
165 894 3
165 984 3
166 392 4
166 404 1
166 435 3
166 478 1
166 486 3
166 493 2
166 512 1
166 513 3
166 521 3
166 530 5
166 568 3
166 603 3
166 615 3
166 655 3
166 659 3
166 673 3
166 675 3
166 698 3
166 719 3
166 726 3
166 733 3
166 735 3
166 831 3
166 949 3
167 288 3
167 291 3
167 294 3
167 295 4
167 300 3
167 313 4
167 323 3
167 325 2
167 405 3
167 409 1
167 411 4
167 458 3
167 472 2
167 473 4
167 596 3
167 597 3
167 619 3
167 678 3
167 685 3
167 742 3
167 744 3
167 748 3
167 763 3
167 819 3
167 866 3
167 871 3
167 930 3
167 988 3
168 308 2
168 321 3
168 331 3
168 429 5
168 443 1
168 480 4
168 483 1
168 495 1
168 498 2
168 499 2
168 603 3
168 604 3
168 683 3
168 684 3
168 705 3
168 879 3
169 326 3
169 328 3
169 333 4
169 348 3
169 687 3
169 749 3
169 876 3
169 881 3
169 984 3
169 988 3
170 306 3
170 310 3
170 313 4
170 315 4
170 327 3
170 340 3
170 344 1
170 346 3
170 354 4
170 690 3
170 887 3
170 906 3
171 483 1
171 485 1
171 488 5
171 514 1
171 580 3
171 582 3
171 603 3
171 606 3
171 612 3
171 657 3
171 697 3
171 772 3
172 322 3
172 323 3
172 324 2
172 327 4
172 328 3
172 331 3
172 332 3
172 334 2
172 678 3
172 687 3
172 690 3
172 874 3
172 879 3
172 880 3
172 937 3
172 938 3
172 984 3
172 995 3
173 323 3
173 332 3
173 333 4
173 340 3
173 347 2
173 364 2
173 368 2
173 369 3
173 371 4
173 381 4
173 383 5
173 386 4
173 388 4
173 393 3
173 395 1
173 396 4
173 401 4
173 402 3
173 412 4
173 415 3
173 417 1
173 423 3
173 433 4
173 451 3
173 456 3
173 458 3
173 471 3
173 476 4
173 546 3
173 553 3
173 571 3
173 575 3
173 577 3
173 597 3
173 623 3
173 655 3
173 660 3
173 662 3
173 696 3
173 699 3
173 709 3
173 715 3
173 716 3
173 721 3
173 722 3
173 723 3
173 724 3
173 739 3
173 742 3
173 747 3
173 762 3
173 763 3
173 764 3
173 768 3
173 780 3
173 823 3
173 843 3
173 845 3
173 846 3
173 862 3
173 871 3
173 902 3
173 905 3
173 937 3
173 949 3
173 950 3
173 953 3
174 176 4
174 183 3
174 186 3
174 193 3
174 195 3
174 215 3
174 234 3
174 273 3
174 419 2
174 483 1
174 496 5
174 508 5
174 629 3
174 660 3
174 661 3
174 669 3
175 297 3
175 298 3
175 303 3
175 305 3
175 319 3
175 321 3
175 324 2
175 325 2
175 327 3
175 328 3
175 343 3
175 347 2
175 405 3
175 475 1
175 508 5
175 741 3
175 750 3
175 751 3
175 874 3
175 875 3
175 876 3
175 881 3
175 919 3
175 927 3
175 948 3
175 952 3
176 243 2
176 245 3
176 258 4
176 260 2
176 268 3
176 270 3
176 271 3
176 276 3
176 288 3
176 289 3
176 292 2
176 294 3
176 299 3
176 300 3
176 302 2
176 318 4
176 321 4
176 322 2
176 324 2
176 333 4
176 334 2
176 336 3
176 338 4
176 340 3
176 343 3
176 358 3
176 403 3
176 421 3
176 433 4
176 469 5
176 470 1
176 475 1
176 508 5
176 527 2
176 568 3
176 628 3
176 642 3
176 651 3
176 654 3
176 678 3
176 689 3
176 693 3
176 806 3
176 878 3
176 919 3
176 948 3
176 960 3
176 963 3
177 276 3
177 280 3
177 281 3
177 282 3
177 284 3
177 286 3
177 288 3
177 293 3
177 294 3
177 298 3
177 300 3
177 302 3
177 304 3
177 313 4
177 316 4
177 317 3
177 318 4
177 319 3
177 322 3
177 323 3
177 326 3
177 332 3
177 333 4
177 340 3
177 342 2
177 354 4
177 358 3
177 363 2
177 367 1
177 385 4
177 405 3
177 423 3
177 427 3
177 431 5
177 433 4
177 435 3
177 454 5
177 455 3
177 458 3
177 460 3
177 465 1
177 469 5
177 472 2
177 476 4
177 478 2
177 480 4
177 483 1
177 484 1
177 491 5
177 495 1
177 500 1
177 506 1
177 508 5
177 510 3
177 520 1
177 535 3
177 540 3
177 546 3
177 549 3
177 566 3
177 568 3
177 578 3
177 591 3
177 596 3
177 597 3
177 607 3
177 619 3
177 625 3
177 651 3
177 654 3
177 655 3
177 658 3
177 678 3
177 679 3
177 682 3
177 685 3
177 696 3
177 720 3
177 724 3
177 729 3
177 731 3
177 735 3
177 739 3
177 742 3
177 744 3
177 746 3
177 748 3
177 751 3
177 756 3
177 762 3
177 763 3
177 764 3
177 781 3
177 783 3
177 790 3
177 792 3
177 809 3
177 819 3
177 845 3
177 846 3
177 849 3
177 864 3
177 866 3
177 876 3
177 877 3
177 895 3
177 926 3
177 978 3
177 984 3
178 339 2
178 340 3
178 345 3
178 346 3
178 354 4
178 362 1
178 690 3
178 691 3
178 750 3
178 751 3
178 893 3
178 895 3
178 902 3
178 905 3
178 914 3
178 917 3
179 372 3
179 380 3
179 403 3
179 421 3
179 423 3
179 431 5
179 433 4
179 462 2
179 469 5
179 631 3
179 658 3
179 660 3
179 684 3
179 694 3
179 716 3
179 729 3
179 732 3
179 733 3
179 737 3
179 739 3
179 747 3
179 762 3
179 778 3
179 785 3
179 790 3
179 939 3
179 961 3
180 411 4
180 412 4
180 413 3
180 424 1
180 455 3
180 456 3
180 457 1
180 458 3
180 459 1
180 460 3
180 471 3
180 472 2
180 475 1
180 476 4
180 477 5
180 547 3
180 591 3
180 595 3
180 597 3
180 598 3
180 619 3
180 620 3
180 628 3
180 676 3
180 680 3
180 681 3
180 682 3
180 683 3
180 688 3
180 690 3
180 696 3
180 718 3
180 740 3
180 741 3
180 742 3
180 744 3
180 748 3
180 749 3
180 756 3
180 758 3
180 760 3
180 762 3
180 763 3
180 764 3
180 766 3
180 767 3
180 813 3
180 818 3
180 819 3
180 820 3
180 823 3
180 824 3
180 825 3
180 827 3
180 828 3
180 829 3
180 831 3
180 832 3
180 833 3
180 834 3
180 840 3
180 841 3
180 844 3
180 845 3
180 846 3
180 847 3
180 864 3
180 866 3
180 870 3
180 872 3
180 873 3
180 874 3
180 875 3
180 876 3
180 877 3
180 878 3
180 879 3
180 881 3
180 882 3
180 883 3
180 884 3
180 885 3
180 886 3
180 887 3
180 919 3
180 920 3
180 922 3
180 924 3
180 925 3
180 926 3
180 927 3
180 928 3
180 929 3
180 930 3
180 931 3
180 932 3
180 933 3
180 934 3
180 937 3
180 938 3
180 948 3
180 950 3
180 952 3
180 974 3
180 975 3
180 976 3
180 977 3
180 978 3
180 979 3
180 980 3
180 981 3
180 982 3
180 983 3
180 984 3
180 985 3
180 986 3
180 989 3
180 990 3
180 991 3
180 995 3
181 203 3
181 222 3
181 237 3
181 257 4
181 283 4
181 293 3
181 423 3
181 471 3
181 479 1
181 596 3
181 763 3
181 845 3
181 864 3
182 228 3
182 229 3
182 230 3
182 241 3
182 250 3
182 257 3
182 265 4
182 270 3
182 273 3
182 294 3
182 331 3
182 356 3
182 375 5
182 380 3
182 405 3
182 431 5
182 450 1
182 483 1
182 485 1
182 562 3
182 720 3
183 340 3
183 357 4
183 378 3
183 381 4
183 382 3
183 393 3
183 396 4
183 399 5
183 401 4
183 402 2
183 403 3
183 405 3
183 410 1
183 411 4
183 412 4
183 423 3
183 428 1
183 443 1
183 447 5
183 451 3
183 458 3
183 462 2
183 473 4
183 476 4
183 478 2
183 483 1
183 485 1
183 487 4
183 488 5
183 492 3
183 496 5
183 497 1
183 498 2
183 506 1
183 508 5
183 511 1
183 512 1
183 514 1
183 515 1
183 517 1
183 521 3
183 522 3
183 523 1
183 527 2
183 528 1
183 529 2
183 531 3
183 553 3
183 559 3
183 568 3
183 582 3
183 584 3
183 588 3
183 591 3
183 596 3
183 602 3
183 604 3
183 606 3
183 631 3
183 632 3
183 639 3
183 640 3
183 642 3
183 644 3
183 645 3
183 647 3
183 651 3
183 654 3
183 655 3
183 657 3
183 660 3
183 664 3
183 665 3
183 692 3
183 693 3
183 694 3
183 699 3
183 707 3
183 708 3
183 715 3
183 716 3
183 724 3
183 729 3
183 736 3
183 738 3
183 739 3
183 742 3
183 747 3
183 766 3
183 780 3
183 805 3
183 813 3
183 836 3
183 845 3
183 855 3
183 942 3
183 945 3
183 949 3
183 950 3
183 956 3
183 972 3
183 995 3
184 269 2
184 275 3
184 276 3
184 279 3
184 285 4
184 286 3
184 287 3
184 318 4
184 321 4
184 423 3
184 447 5
184 514 1
184 515 1
184 528 1
184 638 3
184 690 3
184 701 3
184 740 3
184 939 3
185 327 3
185 330 2
185 332 3
185 333 4
185 338 4
185 356 3
185 385 4
185 406 1
185 470 1
185 477 5
185 540 3
185 546 3
185 550 3
185 554 3
185 566 3
185 568 3
185 588 3
185 591 3
185 595 3
185 596 3
185 684 3
185 689 3
185 717 3
185 742 3
185 754 3
185 770 3
185 820 3
185 829 3
185 880 3
185 887 3
185 925 3
185 934 3
185 939 3
185 977 3
185 983 3
185 988 3
186 214 3
186 215 3
186 216 3
186 241 3
186 275 4
186 423 3
186 427 2
186 428 1
186 433 4
186 435 2
186 462 2
186 522 2
186 523 1
186 582 3
186 651 3
186 659 3
186 660 3
186 663 3
186 732 3
186 735 3
186 736 3
186 747 3
186 792 3
187 218 3
187 226 3
187 233 3
187 234 3
187 237 3
187 240 3
187 265 4
187 281 3
187 288 3
187 294 3
187 318 4
187 326 3
187 357 4
187 392 4
187 419 2
187 443 1
187 462 2
187 468 2
187 470 1
187 474 5
187 483 1
187 485 1
187 498 2
187 504 3
187 510 3
187 511 1
187 519 5
187 553 3
187 554 3
187 566 3
187 568 3
187 591 3
187 628 3
187 629 3
187 632 3
187 651 3
187 673 3
187 678 3
187 692 3
187 717 3
187 732 3
187 742 3
187 764 3
187 769 3
187 792 3
187 864 3
187 877 3
187 928 3
187 930 3
188 248 3
188 253 3
188 268 3
188 274 3
188 275 3
188 276 3
188 281 3
188 283 4
188 294 3
188 313 4
188 317 3
188 378 3
188 381 4
188 418 4
188 423 3
188 433 4
188 462 2
188 474 5
188 479 1
188 480 4
188 483 1
188 484 1
188 485 1
188 487 4
188 492 3
188 496 5
188 499 2
188 500 1
188 501 2
188 503 2
188 505 2
188 510 3
188 512 1
188 513 3
188 516 5
188 517 1
188 520 1
188 526 2
188 527 2
188 596 3
188 603 3
188 607 3
188 618 3
188 630 3
188 632 3
188 634 3
188 638 3
188 639 3
188 647 3
188 652 3
188 654 3
188 656 3
188 657 3
188 661 3
188 663 3
188 694 3
188 705 3
188 732 3
188 742 3
188 751 3
188 815 3
188 820 3
188 847 3
188 855 3
188 863 3
188 914 3
188 934 3
188 952 3
188 990 3
189 340 3
189 354 4
189 363 2
189 405 3
189 471 3
189 508 5
189 539 3
189 544 3
189 546 3
189 591 3
189 597 3
189 628 3
189 685 3
189 696 3
189 717 3
189 742 3
189 748 3
189 751 3
189 823 3
189 895 3
189 898 3
189 974 3
189 977 3
189 989 3
190 331 3
190 332 3
190 339 2
190 340 3
190 343 3
190 345 3
190 750 3
190 751 3
190 752 3
190 754 3
190 891 3
190 896 3
190 900 3
191 258 3
191 276 3
191 277 3
191 284 3
191 301 3
191 302 3
191 340 3
191 476 4
191 515 1
191 813 3
191 948 3
192 310 3
192 313 4
192 327 3
192 328 3
192 332 3
192 343 3
192 352 3
192 354 4
192 362 1
192 366 1
192 368 2
192 393 3
192 402 3
192 403 3
192 407 2
192 410 1
192 412 4
192 435 3
192 443 1
192 465 1
192 476 4
192 485 1
192 508 5
192 541 3
192 553 3
192 554 3
192 562 3
192 580 3
192 627 3
192 673 3
192 682 3
192 684 3
192 689 3
192 693 3
192 722 3
192 739 3
192 742 3
192 750 3
192 755 3
192 763 3
192 781 3
192 790 3
192 815 3
192 827 3
192 845 3
192 869 3
192 871 3
192 879 3
192 895 3
192 905 3
192 928 3
192 941 3
193 317 3
193 321 4
193 356 3
193 357 4
193 366 1
193 367 1
193 371 4
193 376 4
193 380 3
193 383 4
193 385 4
193 387 4
193 393 3
193 402 3
193 403 3
193 404 1
193 405 3
193 410 1
193 414 4
193 417 1
193 419 2
193 423 3
193 425 1
193 427 3
193 431 4
193 432 4
193 433 4
193 443 1
193 449 1
193 450 1
193 451 3
193 456 3
193 465 1
193 466 1
193 467 3
193 470 1
193 471 3
193 474 4
193 478 2
193 479 1
193 481 4
193 482 3
193 483 1
193 485 1
193 488 4
193 491 4
193 498 2
193 503 2
193 504 3
193 507 4
193 509 2
193 510 3
193 511 1
193 514 1
193 516 4
193 517 1
193 519 4
193 520 1
193 521 3
193 523 1
193 526 2
193 527 2
193 529 2
193 530 4
193 540 3
193 542 3
193 546 3
193 549 3
193 559 3
193 562 3
193 566 3
193 568 3
193 576 3
193 580 3
193 582 3
193 588 3
193 616 3
193 623 3
193 624 3
193 625 3
193 628 3
193 629 3
193 631 3
193 633 3
193 636 3
193 640 3
193 642 3
193 647 3
193 648 3
193 651 3
193 655 3
193 657 3
193 659 3
193 660 3
193 663 3
193 674 3
193 692 3
193 693 3
193 705 3
193 708 3
193 720 3
193 732 3
193 735 3
193 736 3
193 737 3
193 739 3
193 744 3
193 756 3
193 762 3
193 770 3
193 780 3
193 783 3
193 792 3
193 808 3
193 820 3
193 837 3
193 864 3
193 871 3
193 939 3
193 941 3
193 944 3
193 946 3
193 951 3
193 971 3
193 991 3
193 997 3
194 328 3
194 358 3
194 373 1
194 384 1
194 386 4
194 387 4
194 407 2
194 413 3
194 421 3
194 431 5
194 433 4
194 451 3
194 469 5
194 477 5
194 496 5
194 500 1
194 508 5
194 558 3
194 582 3
194 591 3
194 636 3
194 651 3
194 678 3
194 740 3
194 748 3
194 751 3
194 753 3
194 771 3
194 779 3
194 797 3
194 809 3
194 823 3
194 831 3
194 877 3
194 887 3
194 921 3
194 982 3
195 257 4
195 285 4
195 286 3
195 287 3
195 306 3
195 340 3
195 381 4
195 382 4
195 393 3
195 411 4
195 428 1
195 580 3
195 655 3
195 663 3
195 692 3
195 762 3
195 845 3
196 313 4
196 316 4
196 321 3
196 322 3
196 323 3
196 326 3
196 328 3
196 332 3
196 333 4
196 340 3
196 344 1
196 346 3
196 347 3
196 354 4
196 362 1
196 373 1
196 385 4
196 399 5
196 403 3
196 431 5
196 435 3
196 449 1
196 510 3
196 511 1
196 515 1
196 518 1
196 526 2
196 530 5
196 538 3
196 550 3
196 554 3
196 566 3
196 570 3
196 578 3
196 586 3
196 651 3
196 665 3
196 678 3
196 679 3
196 684 3
196 688 3
196 690 3
196 720 3
196 748 3
196 750 3
196 770 3
196 779 3
196 808 3
196 849 3
196 879 3
196 880 3
196 895 3
196 947 3
197 218 3
197 222 3
197 228 3
197 229 3
197 234 3
197 237 3
197 241 3
197 248 3
197 249 3
197 258 4
197 265 4
197 276 3
197 280 3
197 291 3
197 298 3
197 300 3
197 318 4
197 323 3
197 356 3
197 357 4
197 369 3
197 381 4
197 382 3
197 385 4
197 402 3
197 403 3
197 405 3
197 410 1
197 411 4
197 427 2
197 429 5
197 431 5
197 433 4
197 434 2
197 447 5
197 455 2
197 462 2
197 480 4
197 498 2
197 501 2
197 509 2
197 511 1
197 518 1
197 527 2
197 531 2
197 549 3
197 559 3
197 568 3
197 581 3
197 629 3
197 631 3
197 636 3
197 640 3
197 651 3
197 652 3
197 654 3
197 655 3
197 658 3
197 660 3
197 690 3
197 692 3
197 693 3
197 707 3
197 727 3
197 746 3
197 748 3
197 763 3
197 820 3
197 823 3
197 824 3
197 871 3
197 923 3
197 959 3
197 979 3
198 294 3
198 313 4
198 322 3
198 323 3
198 324 2
198 405 3
198 408 3
198 473 4
198 475 1
198 508 5
198 539 3
198 678 3
198 687 3
198 892 3
198 948 3
198 988 3
198 989 3
199 318 4
199 323 3
199 325 2
199 357 4
199 358 3
199 363 2
199 365 2
199 373 1
199 378 3
199 385 4
199 391 2
199 392 4
199 393 3
199 401 4
199 402 2
199 405 3
199 409 1
199 410 1
199 411 4
199 419 2
199 420 1
199 423 3
199 431 5
199 432 5
199 443 1
199 449 1
199 451 2
199 455 2
199 462 2
199 472 2
199 473 4
199 478 2
199 483 1
199 495 1
199 496 5
199 501 2
199 509 2
199 515 1
199 527 2
199 528 1
199 542 3
199 546 3
199 549 3
199 552 3
199 559 3
199 560 3
199 568 3
199 570 3
199 576 3
199 578 3
199 580 3
199 582 3
199 584 3
199 586 3
199 588 3
199 596 3
199 597 3
199 609 3
199 622 3
199 652 3
199 660 3
199 665 3
199 673 3
199 674 3
199 679 3
199 685 3
199 692 3
199 717 3
199 720 3
199 739 3
199 742 3
199 743 3
199 748 3
199 755 3
199 756 3
199 758 3
199 760 3
199 768 3
199 771 3
199 802 3
199 820 3
199 826 3
199 831 3
199 840 3
199 841 3
199 866 3
199 890 3
199 892 3
199 924 3
199 929 3
199 951 3
199 982 3
199 984 3
