201 1 3
201 111 5
201 268 3
201 283 3
201 291 4
201 305 3
201 331 5
201 740 3
202 259 3
202 292 5
202 682 3
202 872 4
202 877 3
202 880 4
202 887 3
202 895 4
202 948 3
203 7 4
203 9 4
203 100 4
203 106 4
203 111 4
203 117 4
203 118 3
203 121 4
203 123 1
203 129 4
203 148 3
203 181 4
203 222 4
203 235 2
203 274 4
203 276 4
203 284 3
203 291 2
203 370 2
203 410 3
203 471 3
203 472 4
203 515 4
203 546 3
203 597 2
203 685 3
203 748 2
203 845 3
203 864 2
203 866 1
203 925 3
203 928 3
204 22 4
204 66 4
204 243 2
204 245 4
204 258 4
204 259 4
204 269 4
204 270 4
204 289 2
204 300 4
204 307 3
204 310 3
204 313 4
204 323 4
204 327 4
204 331 3
204 333 4
204 342 3
204 343 4
204 348 4
204 678 4
204 683 2
204 687 1
204 689 3
204 690 4
204 748 2
204 754 4
204 879 4
204 892 2
204 901 2
205 2 1
205 5 1
205 8 5
205 11 1
205 12 1
205 22 5
205 23 4
205 28 5
205 29 1
205 30 3
205 31 3
205 32 1
205 33 1
205 37 2
205 38 3
205 39 1
205 40 1
205 41 1
205 42 1
205 43 2
205 45 1
205 47 2
205 48 3
205 49 2
205 50 4
205 51 1
205 52 4
205 53 1
205 55 1
205 56 3
205 57 2
205 58 3
205 60 1
205 61 1
205 62 3
205 63 5
205 64 1
205 66 1
205 67 1
205 68 1
205 70 2
205 71 3
205 72 3
205 73 2
205 75 1
205 76 1
205 77 3
205 78 2
205 80 3
205 81 1
205 82 1
205 83 4
205 85 2
205 87 4
205 88 5
205 90 1
205 91 1
205 92 3
205 94 5
205 96 4
205 97 5
205 98 1
205 101 3
205 102 5
205 127 2
205 132 3
205 135 3
205 139 1
205 141 5
205 142 1
205 149 1
205 161 3
205 168 1
205 169 1
205 172 4
205 173 1
205 175 1
205 178 4
205 179 1
205 180 4
205 183 4
205 184 1
205 185 1
205 186 3
205 188 3
205 189 1
205 190 4
205 191 4
205 192 2
205 193 3
205 195 4
205 197 3
205 198 3
205 199 4
205 200 1
205 202 3
205 204 3
205 206 3
205 207 5
205 208 1
205 210 4
205 211 3
205 212 1
205 214 3
205 215 3
205 216 3
205 217 1
205 218 1
205 219 2
205 226 3
205 227 1
205 228 1
205 229 1
205 230 1
205 231 1
205 232 1
205 233 5
205 234 4
205 238 1
205 239 3
205 265 3
205 288 2
205 302 3
205 308 5
205 317 3
205 318 5
205 347 3
205 350 1
205 351 1
205 356 3
205 361 5
205 364 2
205 365 1
205 366 3
205 367 1
205 371 3
205 374 3
205 376 1
205 377 1
205 379 1
205 383 1
205 384 1
205 386 1
205 387 1
205 388 2
205 391 1
205 393 3
205 395 2
205 396 2
205 397 2
205 399 1
205 400 3
205 402 3
205 403 1
205 404 3
205 414 3
205 415 2
205 416 3
205 417 1
205 419 5
205 420 3
205 421 1
205 422 2
205 423 5
205 426 2
205 427 4
205 430 1
205 431 1
205 433 1
205 434 3
205 437 1
205 438 1
205 439 1
205 440 1
205 441 1
205 442 1
205 444 3
205 446 1
205 447 1
205 448 1
205 449 1
205 450 1
205 451 3
205 452 3
205 453 1
205 461 1
205 462 3
205 463 4
205 464 4
205 465 5
205 467 4
205 469 3
205 470 3
205 480 4
205 482 3
205 501 3
205 504 4
205 509 4
205 510 4
205 511 4
205 514 1
205 515 1
205 516 4
205 517 3
205 518 1
205 519 4
205 520 3
205 521 1
205 522 1
205 523 4
205 524 3
205 525 4
205 526 3
205 527 4
205 528 4
205 529 3
205 530 4
205 536 3
205 537 1
205 540 1
205 541 1
205 543 1
205 545 1
205 548 3
205 549 3
205 551 1
205 552 3
205 553 1
205 555 4
205 556 1
205 557 2
205 558 1
205 559 2
205 560 1
205 561 2
205 562 3
205 563 1
205 564 1
205 565 1
205 566 3
205 567 1
205 568 5
205 569 1
205 570 3
205 573 3
205 574 3
205 575 1
205 577 2
205 578 2
205 579 4
205 580 1
205 581 3
205 583 1
205 584 3
205 585 3
205 586 2
205 588 5
205 592 1
205 593 4
205 603 4
205 606 4
205 622 3
205 623 2
205 624 3
205 625 1
205 626 5
205 627 3
205 639 5
205 642 1
205 643 4
205 644 4
205 645 1
205 647 4
205 648 4
205 649 4
205 650 1
205 651 4
205 652 1
205 653 4
205 654 4
205 655 4
205 656 1
205 659 3
205 661 4
205 662 4
205 664 2
205 666 4
205 667 3
205 669 1
205 670 3
205 671 1
205 673 1
205 674 1
205 675 3
205 679 3
205 684 4
205 692 3
205 693 1
205 694 4
205 695 2
205 697 3
205 699 4
205 700 2
205 702 1
205 707 3
205 708 1
205 710 3
205 712 3
205 714 4
205 715 3
205 716 1
205 719 3
205 720 3
205 721 1
205 722 3
205 723 1
205 726 2
205 727 3
205 728 2
205 729 3
205 731 3
205 732 3
205 734 1
205 736 4
205 739 3
205 745 4
205 746 3
205 747 3
205 753 4
205 755 3
205 759 1
205 761 3
205 765 3
205 768 2
205 769 1
205 770 1
205 771 1
205 772 1
205 773 1
205 774 1
205 775 3
205 776 1
205 777 3
205 778 1
205 779 2
205 780 1
205 782 3
205 783 3
205 784 1
205 785 3
205 786 3
205 787 1
205 788 1
205 789 4
205 790 1
205 791 1
205 793 3
205 794 3
205 795 1
205 796 3
205 798 2
205 802 1
205 807 1
205 808 1
205 810 1
205 812 2
205 816 3
205 842 1
205 843 3
205 849 2
205 851 5
205 853 1
205 854 1
205 855 3
205 858 1
205 859 2
205 860 1
205 861 1
205 904 1
205 921 1
205 939 3
205 941 2
205 943 3
205 944 2
205 946 3
205 947 1
205 949 3
205 951 3
205 953 3
205 955 3
205 956 3
205 957 3
205 959 3
205 960 3
205 964 4
205 969 3
205 971 1
205 994 2
205 996 1
205 997 1
205 999 5
206 1 4
206 3 2
206 4 3
206 5 4
206 7 3
206 8 3
206 10 3
206 11 4
206 12 4
206 13 1
206 14 4
206 15 3
206 20 3
206 22 3
206 24 3
206 25 3
206 28 3
206 30 3
206 32 4
206 39 1
206 40 3
206 42 4
206 47 4
206 48 3
206 50 4
206 52 4
206 58 3
206 63 4
206 64 4
206 69 3
206 71 4
206 72 3
206 79 3
206 85 1
206 86 4
206 87 3
206 89 4
206 92 3
206 93 4
206 96 4
206 99 4
206 115 1
206 117 3
206 121 2
206 123 1
206 125 3
206 127 4
206 129 3
206 131 4
206 132 2
206 133 4
206 134 3
206 135 4
206 136 3
206 143 3
206 148 1
206 151 3
206 152 3
206 153 4
206 156 2
206 158 1
206 164 3
206 168 4
206 170 4
206 172 3
206 173 3
206 174 4
206 175 4
206 179 4
206 181 3
206 182 4
206 183 4
206 186 3
206 187 4
206 188 4
206 190 3
206 191 3
206 194 3
206 195 3
206 196 4
206 198 3
206 199 4
206 202 3
206 203 3
206 204 3
206 206 2
206 209 1
206 211 4
206 212 1
206 213 3
206 215 3
206 218 3
206 219 2
206 220 1
206 222 3
206 228 4
206 234 4
206 235 4
206 237 3
206 238 4
206 239 2
206 240 2
206 274 3
206 275 3
206 276 3
206 277 3
206 284 3
206 289 2
206 317 3
206 318 3
206 357 4
206 368 1
206 381 4
206 396 1
206 404 3
206 405 3
206 410 4
206 411 2
206 414 4
206 418 3
206 419 3
206 420 4
206 421 3
206 427 4
206 428 4
206 429 4
206 430 4
206 431 4
206 434 2
206 435 4
206 436 4
206 443 3
206 447 4
206 451 4
206 452 3
206 453 2
206 461 3
206 463 4
206 468 1
206 469 3
206 474 4
206 476 2
206 479 4
206 480 4
206 481 4
206 482 3
206 485 3
206 487 4
206 488 3
206 490 3
206 496 3
206 498 3
206 499 3
206 501 3
206 503 3
206 504 4
206 505 3
206 507 4
206 508 3
206 509 3
206 511 3
206 514 4
206 515 4
206 517 3
206 519 4
206 520 3
206 523 4
206 524 3
206 526 3
206 527 4
206 528 3
206 529 4
206 543 3
206 559 2
206 561 2
206 573 2
206 582 4
206 588 4
206 589 4
206 591 3
206 596 3
206 605 4
206 606 3
206 607 3
206 608 4
206 610 4
206 611 2
206 612 3
206 624 3
206 632 3
206 633 4
206 634 4
206 638 4
206 639 3
206 640 3
206 641 4
206 642 1
206 645 4
206 647 4
206 651 4
206 652 3
206 655 4
206 662 4
206 663 3
206 664 3
206 665 4
206 672 2
206 675 3
206 692 3
206 693 3
206 699 4
206 701 3
206 705 3
206 712 3
206 713 3
206 715 4
206 727 3
206 732 3
206 735 4
206 737 2
206 745 4
206 746 3
206 747 3
206 756 2
206 772 4
206 787 2
206 813 3
206 823 3
206 825 2
206 826 2
206 831 2
206 845 3
206 919 4
206 921 4
206 923 4
206 942 4
206 960 1
206 962 2
207 1 4
207 2 4
207 4 4
207 8 4
207 25 3
207 28 4
207 29 2
207 40 3
207 45 4
207 50 4
207 56 4
207 62 3
207 68 3
207 69 4
207 70 4
207 82 4
207 88 4
207 89 4
207 91 3
207 96 4
207 97 4
207 98 4
207 99 3
207 100 4
207 117 4
207 118 3
207 123 4
207 127 4
207 132 4
207 135 4
207 143 3
207 144 4
207 147 4
207 157 4
207 158 3
207 159 4
207 161 4
207 163 3
207 172 4
207 173 4
207 174 4
207 177 4
207 179 4
207 180 4
207 181 4
207 182 4
207 183 4
207 185 4
207 186 4
207 188 4
207 193 4
207 194 4
207 196 4
207 197 4
207 200 4
207 201 4
207 202 4
207 203 4
207 205 3
207 208 4
207 209 4
207 211 4
207 214 3
207 215 4
207 216 4
207 217 2
207 218 4
207 222 4
207 223 4
207 226 4
207 227 4
207 228 4
207 229 4
207 230 4
207 231 2
207 232 3
207 235 4
207 238 4
207 239 4
207 244 3
207 248 4
207 249 3
207 250 4
207 255 4
207 257 3
207 265 4
207 269 3
207 274 4
207 286 3
207 289 4
207 290 4
207 291 4
207 313 4
207 316 4
207 345 4
207 357 4
207 371 4
207 382 3
207 385 3
207 393 3
207 399 4
207 400 4
207 405 3
207 416 3
207 418 3
207 423 4
207 427 4
207 428 4
207 432 4
207 433 4
207 436 4
207 447 4
207 448 3
207 449 4
207 455 4
207 466 4
207 476 2
207 478 4
207 479 4
207 483 4
207 484 4
207 493 4
207 496 4
207 502 4
207 508 4
207 510 4
207 514 4
207 519 4
207 521 4
207 525 4
207 559 2
207 561 2
207 565 2
207 588 3
207 603 4
207 616 4
207 629 4
207 635 2
207 642 4
207 648 4
207 656 4
207 657 4
207 660 4
207 675 4
207 684 4
207 705 4
207 710 3
207 712 4
207 715 3
207 729 4
207 732 4
207 746 4
207 755 4
207 756 2
207 785 4
207 844 2
207 859 2
207 869 3
207 879 3
207 949 4
207 969 3
207 972 4
207 993 3
208 270 3
208 271 2
208 286 3
208 294 4
208 300 3
208 313 3
208 315 3
208 319 3
208 328 4
208 347 3
208 358 2
208 539 3
208 683 3
208 689 3
208 748 2
209 6 5
209 8 3
209 9 4
209 12 4
209 14 4
209 22 3
209 23 4
209 28 5
209 30 4
209 48 4
209 50 4
209 58 4
209 59 4
209 60 5
209 65 5
209 87 4
209 97 3
209 98 3
209 99 4
209 100 4
209 133 4
209 135 4
209 153 4
209 154 4
209 156 4
209 162 5
209 166 4
209 168 4
209 170 4
209 172 4
209 173 4
209 174 4
209 175 4
209 179 4
209 181 4
209 186 4
209 191 3
209 192 3
209 195 4
209 197 4
209 199 3
209 200 3
209 201 3
209 202 5
209 203 3
209 204 4
209 205 3
209 207 4
209 209 4
209 210 5
209 213 3
209 214 3
209 216 4
209 223 4
209 264 4
209 266 3
209 270 3
209 275 4
209 276 3
209 283 4
209 285 3
209 286 3
209 288 3
209 300 3
209 303 3
209 318 3
209 321 3
209 322 3
209 325 2
209 327 3
209 339 3
209 343 2
209 357 4
209 367 3
209 381 3
209 382 3
209 404 4
209 427 4
209 428 4
209 429 4
209 430 4
209 433 4
209 435 3
209 461 3
209 478 4
209 479 4
209 480 4
209 481 4
209 482 3
209 483 4
209 485 4
209 486 5
209 489 4
209 491 4
209 493 4
209 496 4
209 497 4
209 498 4
209 504 4
209 505 4
209 514 3
209 516 4
209 518 4
209 520 3
209 523 4
209 526 4
209 527 4
209 528 4
209 530 4
209 604 4
209 606 4
209 607 3
209 608 4
209 609 3
209 615 4
209 618 3
209 631 3
209 633 4
209 647 4
209 654 4
209 659 5
209 661 4
209 664 4
209 676 3
209 680 3
209 684 4
209 708 3
209 709 4
209 714 4
209 733 4
209 749 3
209 855 3
209 877 2
209 879 3
209 937 3
209 945 4
209 965 5
209 995 3
210 258 1
210 269 3
210 286 3
210 289 2
210 300 3
210 311 1
210 312 3
210 313 4
210 315 2
210 316 2
210 323 2
210 328 1
210 340 3
210 354 3
210 690 3
210 754 2
210 873 1
210 898 3
210 905 1
211 1 4
211 4 3
211 9 4
211 22 4
211 38 3
211 56 3
211 73 3
211 88 4
211 117 4
211 161 4
211 168 4
211 172 5
211 181 5
211 186 5
211 195 4
211 196 4
211 208 5
211 209 3
211 210 4
211 222 5
211 227 3
211 228 4
211 229 3
211 230 3
211 258 4
211 265 3
211 276 3
211 318 4
211 405 3
211 435 4
211 449 3
211 451 3
211 485 3
211 527 5
211 566 3
211 568 3
211 651 5
211 655 3
211 709 4
211 720 3
211 732 3
211 770 3
212 4 3
212 7 4
212 23 4
212 24 3
212 28 3
212 56 4
212 64 4
212 70 3
212 81 4
212 92 4
212 96 3
212 150 4
212 154 4
212 172 3
212 173 3
212 175 4
212 182 4
212 186 3
212 193 3
212 206 4
212 211 4
212 218 4
212 276 3
212 288 3
212 318 4
212 340 3
212 408 4
212 427 4
212 436 4
212 480 4
212 487 4
212 508 3
212 526 3
212 634 4
212 651 4
212 684 4
212 724 4
213 7 4
213 9 4
213 15 4
213 50 5
213 124 5
213 181 4
213 222 4
213 236 3
213 245 4
213 255 3
213 257 4
213 258 3
213 260 2
213 269 5
213 271 2
213 275 4
213 286 5
213 297 4
213 300 4
213 301 3
213 302 3
213 303 3
213 306 5
213 326 3
213 328 3
213 332 5
213 471 4
213 508 2
213 628 4
213 690 4
213 877 2
213 936 5
214 100 5
214 258 4
214 260 2
214 294 3
214 300 4
214 301 4
214 302 5
214 325 3
214 340 4
214 343 2
214 678 2
214 748 3
215 56 4
215 185 4
215 195 3
215 243 2
215 269 3
215 322 3
215 323 2
215 328 3
215 432 3
215 531 5
215 748 2
215 754 3
216 1 4
216 2 3
216 7 3
216 8 5
216 9 4
216 10 3
216 11 5
216 12 3
216 13 3
216 14 3
216 21 5
216 22 3
216 24 3
216 25 5
216 27 5
216 28 3
216 29 4
216 31 3
216 32 3
216 36 2
216 38 3
216 41 4
216 42 3
216 43 2
216 44 4
216 49 5
216 50 3
216 51 3
216 53 5
216 54 3
216 55 3
216 56 3
216 58 3
216 64 3
216 65 4
216 66 3
216 67 5
216 69 3
216 70 5
216 71 3
216 73 3
216 77 4
216 81 3
216 82 5
216 83 4
216 85 3
216 86 5
216 87 3
216 88 3
216 90 2
216 92 3
216 93 3
216 94 5
216 97 3
216 98 4
216 99 3
216 105 3
216 106 3
216 107 5
216 117 5
216 121 3
216 123 4
216 125 5
216 126 3
216 127 4
216 132 4
216 133 4
216 134 4
216 136 4
216 137 3
216 140 4
216 142 4
216 143 3
216 144 3
216 148 3
216 154 3
216 155 4
216 156 4
216 157 3
216 158 5
216 159 4
216 161 3
216 168 4
216 172 4
216 174 4
216 176 4
216 178 3
216 181 3
216 182 4
216 183 4
216 185 4
216 187 4
216 191 4
216 194 3
216 195 4
216 196 4
216 197 3
216 199 3
216 200 4
216 202 3
216 203 3
216 204 4
216 209 4
216 210 4
216 211 3
216 213 3
216 215 3
216 216 4
216 217 2
216 219 2
216 220 4
216 225 4
216 226 3
216 230 3
216 234 3
216 237 3
216 238 4
216 239 3
216 240 2
216 241 4
216 242 3
216 245 3
216 246 4
216 248 3
216 249 5
216 250 3
216 251 3
216 252 3
216 253 4
216 254 3
216 257 3
216 258 5
216 259 4
216 264 3
216 266 3
216 268 3
216 272 2
216 274 4
216 275 4
216 276 3
216 277 4
216 281 4
216 283 4
216 284 3
216 285 4
216 286 4
216 287 4
216 288 5
216 289 2
216 294 5
216 295 3
216 297 3
216 298 5
216 301 3
216 304 5
216 307 5
216 312 3
216 313 4
216 315 3
216 316 3
216 317 3
216 318 4
216 319 3
216 322 3
216 323 4
216 326 3
216 327 3
216 328 3
216 329 5
216 331 2
216 332 3
216 333 5
216 338 3
216 339 3
216 346 3
216 347 3
216 348 5
216 354 3
216 356 5
216 357 4
216 364 4
216 366 5
216 367 3
216 369 4
216 375 2
216 378 4
216 385 5
216 388 4
216 393 4
216 395 4
216 396 4
216 399 3
216 401 5
216 402 3
216 403 3
216 404 3
216 405 5
216 411 5
216 412 5
216 417 3
216 418 4
216 419 5
216 423 3
216 425 3
216 427 3
216 431 5
216 432 3
216 433 3
216 443 3
216 448 5
216 451 3
216 452 4
216 462 3
216 463 3
216 468 4
216 469 5
216 471 5
216 472 3
216 473 3
216 475 3
216 476 2
216 479 4
216 480 4
216 496 4
216 498 3
216 500 4
216 501 3
216 506 3
216 509 3
216 515 4
216 526 3
216 531 4
216 532 5
216 538 5
216 546 3
216 549 3
216 553 3
216 554 5
216 559 3
216 560 2
216 564 2
216 568 3
216 576 3
216 578 3
216 585 3
216 588 3
216 591 3
216 592 3
216 607 3
216 614 3
216 619 3
216 625 3
216 627 5
216 628 3
216 633 4
216 651 3
216 652 2
216 657 3
216 658 3
216 660 4
216 662 3
216 676 3
216 678 3
216 682 2
216 684 3
216 685 3
216 686 3
216 689 3
216 690 3
216 693 3
216 696 3
216 699 4
216 707 5
216 708 3
216 710 3
216 712 3
216 713 5
216 717 3
216 720 3
216 721 5
216 723 3
216 724 4
216 729 3
216 734 2
216 735 3
216 737 4
216 738 3
216 739 3
216 746 3
216 747 4
216 748 2
216 750 3
216 754 3
216 755 3
216 761 3
216 762 3
216 768 4
216 770 3
216 775 3
216 778 5
216 781 5
216 783 3
216 785 3
216 790 5
216 792 3
216 794 2
216 795 2
216 803 3
216 807 1
216 812 2
216 815 2
216 819 2
216 821 5
216 824 2
216 827 4
216 833 5
216 834 3
216 840 3
216 842 3
216 843 3
216 845 3
216 849 5
216 864 3
216 866 5
216 873 1
216 874 3
216 879 5
216 895 2
216 915 2
216 916 3
216 917 3
216 918 3
216 928 3
216 929 4
216 931 3
216 934 3
216 936 5
216 937 3
216 938 3
216 941 5
216 955 4
216 959 4
216 966 5
216 972 3
216 975 5
216 980 3
216 985 3
216 990 3
216 997 5
217 1 3
217 3 2
217 5 3
217 7 3
217 11 4
217 12 4
217 13 3
217 15 3
217 16 3
217 17 3
217 20 3
217 23 4
217 27 3
217 29 4
217 32 4
217 39 3
217 42 3
217 44 4
217 47 3
217 50 4
217 51 3
217 55 3
217 56 4
217 58 4
217 62 3
217 63 3
217 64 3
217 65 3
217 67 4
217 68 4
217 69 3
217 70 3
217 72 3
217 73 3
217 77 3
217 78 4
217 79 3
217 80 3
217 81 3
217 82 4
217 83 4
217 89 3
217 91 3
217 95 3
217 96 3
217 97 3
217 98 3
217 99 3
217 100 3
217 101 4
217 106 3
217 109 3
217 118 4
217 120 2
217 122 1
217 123 3
217 125 3
217 127 4
217 131 4
217 132 4
217 135 4
217 139 3
217 142 3
217 144 3
217 145 3
217 147 3
217 154 3
217 157 3
217 159 3
217 162 3
217 164 3
217 167 3
217 168 3
217 169 3
217 171 4
217 172 3
217 173 4
217 174 3
217 176 3
217 178 4
217 179 4
217 181 3
217 182 4
217 183 4
217 184 3
217 186 3
217 190 4
217 195 3
217 196 4
217 198 3
217 200 3
217 201 3
217 202 2
217 206 3
217 207 4
217 208 3
217 214 3
217 216 3
217 217 4
217 218 3
217 219 3
217 222 3
217 223 4
217 226 3
217 228 3
217 232 4
217 234 4
217 235 3
217 242 3
217 245 3
217 246 4
217 248 3
217 250 3
217 252 3
217 255 2
217 257 3
217 258 4
217 260 2
217 264 2
217 265 3
217 270 3
217 273 3
217 286 3
217 288 3
217 290 3
217 293 3
217 294 4
217 298 3
217 323 2
217 324 4
217 325 4
217 326 4
217 340 3
217 357 4
217 358 3
217 364 2
217 367 3
217 373 3
217 380 2
217 382 3
217 385 3
217 386 4
217 388 3
217 391 3
217 392 4
217 393 2
217 395 2
217 396 3
217 399 3
217 402 3
217 403 3
217 404 3
217 413 4
217 419 3
217 420 4
217 421 3
217 422 3
217 423 4
217 425 3
217 428 4
217 431 3
217 433 3
217 436 4
217 441 2
217 444 3
217 447 3
217 449 3
217 451 3
217 452 3
217 461 3
217 465 3
217 472 3
217 474 4
217 475 3
217 483 3
217 484 4
217 485 3
217 498 4
217 501 3
217 508 4
217 513 3
217 518 3
217 541 4
217 544 3
217 545 4
217 546 3
217 551 4
217 552 3
217 555 4
217 559 2
217 561 3
217 562 3
217 563 4
217 574 3
217 578 4
217 579 4
217 582 3
217 596 3
217 597 3
217 614 4
217 616 3
217 625 3
217 628 3
217 631 3
217 636 4
217 638 4
217 640 3
217 642 4
217 655 4
217 658 3
217 665 2
217 668 3
217 669 4
217 674 4
217 679 3
217 684 4
217 685 3
217 692 3
217 708 3
217 709 4
217 710 3
217 715 4
217 723 3
217 725 2
217 727 4
217 728 3
217 732 3
217 742 3
217 746 3
217 747 3
217 748 4
217 758 3
217 762 3
217 764 3
217 765 3
217 767 1
217 769 2
217 774 3
217 778 3
217 781 3
217 783 3
217 792 3
217 796 4
217 797 3
217 800 2
217 804 2
217 809 3
217 810 3
217 815 3
217 825 2
217 827 3
217 831 4
217 849 2
217 855 3
217 871 2
217 895 3
217 923 4
217 928 2
217 940 2
217 943 3
217 944 3
217 946 3
217 963 4
217 979 2
217 999 3
217 1000 4
218 258 2
218 269 2
218 288 3
218 301 3
218 302 2
218 313 1
218 327 3
218 328 1
218 331 1
218 362 1
218 750 2
218 895 2
218 899 3
219 50 5
219 79 5
219 89 5
219 100 4
219 173 5
219 181 5
219 223 5
219 257 3
219 275 4
219 286 5
219 405 3
219 478 4
219 488 5
219 615 5
219 617 3
219 705 5
220 19 3
220 86 4
220 100 4
220 116 4
220 137 5
220 251 5
220 275 3
220 283 4
220 302 3
220 319 4
220 331 3
220 408 4
220 475 5
220 478 5
220 508 3
220 513 5
220 603 4
220 750 5
220 753 4
221 4 4
221 7 5
221 11 3
221 12 4
221 50 4
221 56 4
221 82 5
221 87 5
221 89 4
221 96 4
221 100 4
221 117 3
221 124 4
221 127 4
221 129 4
221 144 4
221 156 4
221 164 4
221 172 4
221 174 4
221 175 4
221 176 4
221 182 4
221 183 4
221 185 4
221 194 4
221 200 5
221 213 4
221 218 4
221 219 5
221 238 4
221 302 5
221 333 3
221 443 4
221 448 3
221 466 4
221 516 4
221 517 5
221 653 4
221 657 4
221 672 5
221 709 4
221 879 3
221 914 2
221 915 5
222 1 5
222 15 3
222 50 5
222 53 3
222 98 4
222 100 4
222 109 3
222 117 3
222 124 3
222 126 3
222 127 5
222 129 2
222 137 4
222 151 4
222 181 4
222 184 3
222 200 3
222 201 3
222 217 3
222 219 3
222 222 3
222 235 2
222 250 4
222 257 3
222 258 4
222 260 2
222 270 2
222 273 3
222 276 3
222 286 3
222 287 3
222 288 3
222 293 5
222 294 2
222 299 3
222 307 3
222 324 3
222 326 2
222 327 2
222 334 3
222 370 4
222 379 3
222 396 4
222 410 3
222 436 4
222 447 3
222 448 2
222 452 3
222 458 2
222 475 3
222 477 3
222 515 4
222 551 3
222 558 3
222 559 3
222 561 3
222 590 1
222 665 2
222 670 3
222 671 2
222 672 3
222 682 3
222 742 3
222 760 3
222 854 3
222 867 5
222 919 4
222 922 4
222 926 2
223 9 4
223 15 3
223 127 4
223 148 3
223 237 3
223 245 3
223 258 5
223 269 4
223 272 5
223 276 5
223 282 2
223 286 3
223 299 3
223 300 2
223 304 5
223 307 3
223 310 2
223 313 4
223 315 5
223 322 3
223 323 2
223 326 2
223 327 3
223 328 2
223 329 3
223 333 3
223 340 3
223 344 3
223 347 3
223 355 4
223 471 2
223 546 3
223 591 5
223 628 4
223 678 2
223 689 3
223 696 3
223 744 2
223 748 3
223 750 4
223 754 3
223 823 3
223 879 3
223 898 2
223 924 3
223 977 2
224 1 3
224 14 5
224 15 4
224 25 5
224 50 5
224 100 4
224 115 5
224 127 4
224 151 3
224 172 3
224 243 2
224 261 5
224 275 5
224 288 5
224 289 5
224 310 3
224 323 5
224 333 3
224 427 3
224 508 5
224 538 5
224 681 5
224 683 5
224 689 5
224 882 2
225 1 3
225 2 1
225 7 3
225 17 2
225 22 4
225 24 2
225 32 4
225 38 2
225 39 3
225 53 2
225 55 5
225 62 3
225 68 3
225 79 4
225 82 1
225 83 4
225 98 5
225 100 5
225 117 2
225 118 3
225 121 3
225 124 5
225 127 4
225 144 3
225 147 3
225 156 2
225 168 5
225 171 4
225 172 4
225 174 4
225 176 2
225 177 4
225 178 5
225 180 5
225 183 5
225 185 5
225 187 4
225 188 3
225 191 4
225 195 5
225 198 5
225 200 4
225 201 2
225 204 3
225 207 4
225 209 5
225 210 4
225 218 2
225 222 1
225 227 3
225 229 3
225 230 1
225 231 3
225 232 2
225 234 5
225 241 3
225 244 3
225 250 3
225 252 2
225 257 3
225 259 2
225 271 2
225 272 4
225 273 3
225 281 2
225 286 3
225 288 1
225 298 3
225 302 5
225 305 3
225 307 2
225 310 3
225 313 4
225 316 4
225 318 4
225 322 2
225 323 2
225 324 2
225 325 2
225 327 3
225 333 3
225 338 1
225 340 5
225 343 1
225 346 5
225 355 3
225 357 5
225 358 2
225 362 1
225 363 2
225 379 2
225 385 3
225 398 2
225 424 2
225 429 5
225 445 2
225 447 3
225 448 2
225 452 3
225 474 5
225 475 5
225 491 4
225 515 2
225 520 5
225 522 2
225 529 3
225 538 2
225 540 2
225 550 3
225 562 1
225 566 3
225 568 3
225 573 2
225 576 3
225 583 2
225 590 2
225 597 3
225 636 1
225 669 2
225 670 3
225 675 5
225 678 2
225 679 5
225 686 3
225 690 1
225 748 2
225 750 3
225 751 3
225 759 2
225 823 3
225 825 2
225 831 2
225 841 2
225 853 3
225 877 2
225 879 2
225 895 2
225 912 2
225 943 3
225 976 2
226 23 3
226 50 3
226 98 3
226 99 3
226 133 4
226 134 3
226 135 3
226 168 3
226 174 3
226 178 3
226 182 4
226 185 3
226 191 3
226 196 3
226 197 3
226 199 3
226 200 3
226 204 3
226 208 3
226 211 3
226 318 3
226 418 3
226 427 3
226 428 3
226 430 4
226 432 4
226 435 3
226 474 4
226 478 3
226 480 4
226 483 3
226 486 4
226 488 4
226 490 5
226 491 3
226 492 3
226 493 3
226 494 3
226 504 3
226 505 4
226 510 3
226 511 3
226 524 3
226 525 3
226 526 3
226 601 3
226 603 3
226 605 3
226 606 4
226 607 4
226 608 4
226 610 3
226 613 3
226 614 3
226 616 3
226 631 3
226 633 4
226 646 3
226 648 3
226 651 3
226 653 4
226 654 3
226 655 3
226 657 3
226 673 3
226 705 3
226 754 3
226 835 4
226 836 3
226 848 3
227 245 5
227 258 4
227 263 2
227 286 3
227 292 5
227 300 4
227 302 3
227 303 4
227 304 5
227 319 5
227 332 5
227 341 2
227 359 5
227 680 5
227 681 3
227 682 2
227 688 1
227 874 3
228 243 2
228 259 4
228 268 4
228 271 2
228 272 4
228 286 4
228 289 2
228 294 2
228 300 2
228 301 4
228 305 4
228 307 2
228 312 3
228 313 4
228 322 2
228 323 2
228 326 2
228 329 2
228 332 4
228 334 2
228 338 2
228 344 2
228 350 2
228 538 2
228 690 3
228 750 4
228 875 3
228 877 4
228 879 2
228 886 4
228 896 4
228 908 1
228 988 1
229 1 3
229 2 3
229 3 2
229 4 2
229 7 3
229 8 2
229 12 2
229 15 3
229 21 3
229 22 4
229 23 3
229 24 3
229 26 3
229 28 3
229 31 3
229 32 2
229 45 4
229 47 2
229 48 2
229 50 3
229 52 3
229 53 3
229 55 3
229 56 2
229 58 2
229 62 3
229 63 3
229 64 3
229 66 3
229 68 2
229 69 3
229 70 3
229 72 3
229 73 4
229 77 3
229 79 4
229 81 3
229 82 3
229 83 4
229 85 3
229 86 3
229 87 2
229 88 3
229 89 3
229 90 4
229 91 3
229 92 3
229 93 3
229 95 2
229 96 3
229 97 3
229 101 3
229 109 2
229 114 3
229 117 3
229 118 2
229 123 3
229 124 2
229 127 4
229 128 3
229 132 4
229 133 3
229 134 4
229 137 2
229 140 3
229 141 4
229 143 3
229 144 4
229 150 2
229 151 3
229 153 3
229 154 2
229 157 3
229 159 3
229 161 3
229 162 3
229 163 3
229 164 3
229 165 4
229 166 4
229 168 3
229 170 2
229 172 4
229 174 4
229 178 4
229 179 4
229 181 4
229 183 4
229 184 3
229 185 4
229 186 3
229 188 3
229 190 2
229 191 4
229 193 2
229 195 4
229 197 4
229 201 3
229 202 3
229 203 3
229 207 4
229 208 3
229 209 4
229 210 4
229 211 3
229 214 3
229 216 3
229 218 3
229 219 3
229 223 2
229 225 3
229 229 3
229 232 3
229 233 3
229 237 2
229 238 2
229 248 3
229 249 3
229 250 2
229 258 4
229 264 2
229 265 2
229 273 4
229 274 3
229 275 4
229 276 2
229 277 3
229 280 3
229 281 3
229 282 3
229 283 2
229 288 3
229 290 2
229 291 3
229 298 3
229 301 3
229 318 4
229 319 2
229 321 3
229 340 3
229 356 3
229 365 3
229 366 3
229 367 3
229 371 3
229 378 3
229 385 3
229 387 3
229 392 3
229 393 3
229 403 3
229 404 2
229 405 3
229 410 3
229 411 3
229 415 2
229 418 3
229 419 3
229 423 2
229 427 2
229 428 3
229 431 3
229 432 4
229 433 4
229 435 3
229 436 3
229 441 3
229 448 2
229 455 4
229 457 3
229 464 4
229 466 4
229 467 3
229 468 3
229 470 3
229 473 2
229 475 3
229 480 3
229 481 4
229 482 3
229 483 3
229 484 2
229 485 3
229 491 2
229 493 3
229 495 3
229 496 4
229 499 4
229 500 4
229 502 2
229 504 3
229 505 3
229 508 3
229 511 3
229 514 3
229 520 4
229 527 2
229 531 3
229 535 3
229 537 3
229 546 3
229 549 3
229 550 4
229 566 3
229 568 3
229 569 2
229 570 3
229 578 3
229 581 3
229 584 2
229 591 3
229 602 2
229 603 2
229 611 4
229 625 2
229 627 2
229 628 3
229 629 3
229 631 2
229 633 4
229 635 2
229 636 3
229 640 3
229 642 4
229 652 3
229 654 2
229 655 2
229 658 3
229 662 2
229 665 2
229 671 3
229 672 2
229 673 3
229 679 2
229 684 2
229 692 3
229 693 4
229 700 2
229 702 3
229 705 2
229 708 3
229 709 2
229 710 3
229 726 4
229 729 3
229 732 2
229 735 3
229 742 3
229 744 3
229 747 3
229 755 3
229 756 3
229 761 2
229 762 2
229 763 3
229 768 2
229 780 3
229 794 2
229 804 3
229 805 2
229 806 2
229 820 3
229 826 2
229 833 2
229 845 3
229 847 3
229 921 4
229 928 2
229 941 3
229 944 2
229 961 3
229 967 3
229 972 3
230 9 5
230 10 3
230 12 4
230 19 2
230 42 3
230 50 4
230 56 4
230 98 4
230 100 4
230 101 3
230 117 2
230 129 4
230 137 3
230 152 3
230 164 4
230 165 4
230 181 4
230 221 3
230 222 3
230 234 3
230 237 3
230 248 5
230 253 4
230 258 3
230 264 2
230 273 3
230 276 3
230 286 4
230 288 3
230 293 3
230 294 3
230 300 2
230 302 3
230 318 4
230 328 2
230 436 4
230 514 4
230 515 5
230 527 3
230 528 5
230 547 2
230 628 4
230 674 3
231 286 3
231 307 3
231 322 3
231 323 4
231 327 3
231 358 3
231 538 2
231 690 3
231 748 4
231 879 3
231 988 1
232 1 5
232 7 3
232 24 3
232 50 5
232 93 3
232 100 5
232 108 5
232 109 3
232 111 3
232 117 5
232 118 2
232 121 3
232 123 2
232 151 5
232 181 4
232 222 5
232 246 5
232 248 3
232 249 3
232 250 2
232 257 5
232 258 5
232 274 2
232 276 3
232 284 3
232 294 3
232 295 3
232 300 3
232 315 5
232 322 3
232 405 2
232 410 2
232 411 2
232 471 3
232 508 5
232 546 3
232 620 3
232 628 3
232 678 3
232 742 5
232 763 2
232 815 3
232 844 2
232 845 5
233 59 5
233 60 4
233 95 5
233 173 5
233 174 5
233 194 5
233 246 5
233 268 5
233 269 5
233 273 3
233 276 5
233 293 5
233 302 5
233 303 3
233 322 2
233 323 2
233 326 2
233 333 3
233 340 2
233 435 4
233 474 5
233 507 3
233 657 5
233 682 3
233 690 2
233 748 2
233 754 5
233 919 3
234 9 1
234 111 5
234 121 3
234 125 5
234 147 5
234 148 5
234 151 3
234 225 5
234 274 5
234 275 3
234 283 3
234 287 3
234 288 3
234 347 3
234 369 5
234 406 1
234 471 3
234 476 5
234 546 1
234 628 3
234 756 3
234 763 3
234 815 3
234 819 5
234 833 2
234 844 2
234 928 1
234 975 3
235 1 3
235 3 2
235 4 3
235 5 3
235 7 3
235 9 3
235 11 3
235 12 4
235 15 3
235 21 3
235 22 4
235 23 4
235 24 4
235 25 2
235 27 3
235 28 3
235 31 3
235 38 3
235 40 3
235 42 3
235 45 3
235 49 3
235 50 3
235 52 4
235 54 2
235 62 2
235 63 3
235 64 3
235 67 3
235 68 4
235 69 3
235 71 3
235 72 4
235 73 3
235 80 3
235 82 2
235 83 4
235 85 3
235 86 4
235 89 3
235 95 3
235 96 4
235 100 4
235 105 3
235 108 3
235 109 3
235 111 3
235 115 3
235 117 3
235 118 2
235 121 5
235 122 2
235 123 3
235 125 3
235 128 3
235 132 3
235 135 3
235 136 5
235 141 5
235 148 3
235 151 2
235 152 3
235 153 4
235 154 3
235 156 4
235 157 3
235 159 3
235 160 3
235 161 4
235 162 3
235 163 3
235 164 3
235 167 3
235 168 3
235 171 2
235 172 4
235 173 4
235 174 4
235 175 3
235 176 2
235 182 2
235 183 4
235 184 5
235 185 3
235 186 3
235 187 3
235 188 3
235 190 3
235 191 4
235 195 4
235 196 3
235 199 4
235 200 3
235 204 3
235 206 3
235 211 3
235 214 3
235 215 3
235 216 3
235 217 2
235 218 3
235 219 3
235 222 3
235 225 5
235 226 5
235 227 2
235 228 3
235 229 3
235 230 2
235 234 4
235 239 4
235 240 2
235 245 3
235 246 3
235 250 3
235 252 3
235 254 3
235 255 3
235 257 3
235 258 4
235 260 3
235 264 2
235 273 3
235 284 3
235 290 4
235 291 3
235 294 3
235 299 3
235 300 3
235 307 3
235 313 4
235 317 3
235 318 4
235 321 4
235 327 3
235 331 3
235 338 3
235 343 2
235 351 3
235 354 3
235 357 3
235 358 4
235 367 3
235 369 3
235 376 3
235 380 3
235 381 3
235 382 3
235 384 2
235 385 4
235 386 3
235 392 3
235 393 5
235 394 1
235 399 3
235 402 3
235 403 2
235 404 3
235 410 3
235 411 3
235 413 2
235 423 4
235 424 2
235 431 3
235 433 3
235 434 3
235 435 4
235 436 4
235 443 3
235 447 3
235 448 3
235 451 5
235 455 4
235 462 3
235 465 3
235 470 2
235 473 4
235 474 3
235 476 2
235 520 4
235 541 2
235 542 3
235 546 3
235 550 5
235 554 3
235 561 3
235 566 3
235 567 2
235 568 5
235 569 3
235 571 2
235 572 2
235 573 3
235 576 3
235 577 3
235 578 3
235 584 3
235 587 3
235 588 3
235 597 3
235 616 3
235 625 3
235 628 2
235 631 4
235 637 3
235 640 3
235 649 3
235 652 2
235 655 4
235 659 4
235 665 3
235 672 2
235 673 2
235 675 3
235 679 3
235 684 4
235 693 3
235 696 3
235 697 3
235 710 3
235 713 3
235 715 3
235 717 4
235 720 3
235 729 3
235 732 3
235 743 3
235 746 3
235 748 2
235 751 3
235 752 2
235 756 5
235 760 2
235 762 3
235 780 3
235 781 2
235 786 3
235 790 3
235 792 3
235 797 3
235 800 2
235 820 4
235 821 4
235 825 2
235 826 2
235 831 2
235 834 1
235 841 3
235 845 3
235 862 2
235 885 2
235 890 2
235 895 2
235 924 3
235 926 3
235 928 4
235 929 2
235 943 3
235 944 3
235 961 3
235 977 2
235 983 2
236 21 4
236 23 5
236 26 5
236 38 3
236 39 5
236 43 5
236 47 5
236 65 3
236 66 3
236 72 3
236 73 3
236 83 4
236 90 2
236 92 5
236 95 3
236 96 3
236 98 5
236 102 3
236 111 3
236 125 3
236 132 3
236 133 4
236 157 5
236 159 3
236 161 3
236 168 4
236 172 3
236 174 4
236 179 5
236 186 5
236 200 3
236 204 3
236 215 4
236 216 3
236 217 3
236 218 3
236 219 2
236 226 5
236 238 5
236 265 5
236 276 5
236 287 3
236 288 3
236 313 5
236 325 3
236 327 5
236 340 3
236 347 3
236 367 3
236 381 3
236 392 3
236 400 4
236 411 3
236 433 3
236 447 3
236 454 3
236 503 3
236 504 3
236 506 4
236 537 4
236 546 3
236 553 3
236 559 2
236 568 3
236 581 3
236 585 3
236 595 3
236 628 3
236 642 3
236 649 4
236 655 4
236 658 3
236 660 3
236 708 5
236 710 3
236 715 4
236 721 4
236 723 3
236 739 3
236 742 3
236 746 5
236 748 3
236 761 3
236 762 3
236 785 3
236 787 5
236 790 3
236 794 3
236 821 2
236 845 3
236 895 3
236 974 2
237 5 3
237 11 4
237 12 4
237 14 3
237 28 3
237 30 3
237 42 3
237 47 1
237 50 5
237 56 4
237 58 3
237 65 1
237 69 3
237 70 1
237 77 3
237 79 4
237 82 3
237 83 4
237 86 4
237 87 4
237 88 3
237 89 5
237 90 2
237 91 1
237 95 4
237 97 2
237 98 4
237 99 5
237 111 4
237 116 3
237 118 4
237 124 4
237 131 4
237 132 4
237 133 4
237 134 4
237 137 4
237 143 4
237 144 3
237 145 2
237 151 3
237 154 3
237 155 2
237 161 3
237 162 3
237 166 1
237 168 4
237 170 4
237 173 4
237 174 5
237 176 4
237 179 4
237 180 4
237 181 4
237 183 4
237 185 4
237 186 1
237 190 4
237 191 4
237 195 4
237 197 4
237 204 3
237 207 4
237 208 4
237 211 4
237 212 2
237 213 2
237 214 3
237 216 4
237 217 1
237 218 3
237 219 2
237 229 2
237 234 4
237 237 3
237 238 2
237 239 3
237 244 3
237 253 4
237 254 2
237 265 3
237 275 3
237 276 3
237 281 2
237 283 1
237 286 2
237 287 3
237 288 4
237 292 3
237 301 3
237 318 4
237 378 3
237 381 3
237 393 3
237 402 3
237 404 3
237 412 2
237 415 2
237 418 4
237 419 2
237 421 5
237 423 4
237 428 4
237 432 2
237 433 5
237 435 4
237 436 4
237 447 3
237 450 2
237 451 3
237 463 4
237 466 4
237 473 3
237 478 4
237 480 5
237 482 3
237 483 4
237 484 4
237 485 3
237 496 4
237 497 2
237 499 4
237 501 3
237 507 3
237 512 4
237 514 4
237 517 3
237 518 5
237 521 2
237 523 4
237 559 1
237 566 1
237 581 3
237 582 2
237 583 2
237 584 3
237 588 3
237 603 4
237 607 3
237 614 4
237 629 3
237 640 2
237 642 5
237 651 4
237 652 3
237 654 4
237 655 4
237 657 4
237 660 3
237 663 3
237 665 2
237 672 2
237 674 2
237 683 2
237 684 4
237 692 3
237 696 3
237 697 3
237 698 3
237 699 4
237 702 1
237 705 4
237 707 2
237 708 2
237 709 4
237 710 3
237 727 3
237 730 5
237 732 3
237 736 4
237 737 2
237 739 3
237 746 3
237 747 3
237 748 2
237 753 4
237 755 3
237 770 3
237 778 3
237 781 3
237 794 3
237 812 2
237 842 3
237 843 3
237 946 3
237 955 4
237 969 3
238 15 4
238 21 3
238 100 4
238 118 3
238 121 4
238 181 5
238 220 4
238 237 5
238 245 3
238 255 3
238 269 4
238 280 3
238 286 4
238 321 3
238 471 3
238 476 2
238 815 3
238 866 3
239 7 3
239 13 4
239 14 4
239 100 4
239 121 3
239 147 3
239 237 3
239 240 2
239 242 4
239 246 3
239 257 3
239 273 3
239 276 3
239 282 3
239 285 4
239 288 3
239 301 4
239 405 3
239 475 3
239 591 4
239 895 2
240 70 2
240 171 5
240 198 3
240 242 3
240 243 1
240 271 5
240 272 4
240 283 4
240 300 4
240 310 3
240 312 5
240 313 4
240 328 1
240 329 5
240 340 5
240 350 5
240 512 5
240 515 4
240 582 3
240 690 5
240 736 4
240 749 2
240 750 3
240 751 3
240 886 3
240 904 2
240 921 5
240 937 3
241 1 3
241 7 3
241 9 4
241 15 3
241 25 3
241 121 3
241 259 3
241 288 2
241 294 3
241 683 2
242 7 3
242 11 3
242 12 4
242 14 2
242 17 2
242 22 4
242 26 2
242 27 3
242 29 1
242 31 2
242 33 2
242 38 2
242 39 2
242 41 2
242 42 3
242 44 2
242 53 2
242 54 3
242 55 3
242 56 4
242 62 2
242 64 4
242 67 2
242 68 3
242 79 2
242 82 2
242 98 4
242 100 4
242 117 2
242 129 3
242 144 2
242 150 3
242 154 3
242 156 2
242 159 2
242 161 3
242 168 4
242 174 3
242 176 2
242 177 4
242 182 4
242 184 2
242 186 2
242 195 2
242 203 2
242 204 2
242 209 4
242 210 3
242 219 2
242 226 2
242 228 4
242 229 1
242 230 2
242 231 2
242 234 4
242 240 3
242 273 3
242 276 3
242 281 3
242 286 3
242 288 2
242 294 1
242 318 4
242 342 3
242 350 2
242 367 1
242 385 2
242 401 3
242 403 2
242 410 3
242 436 4
242 449 1
242 452 3
242 482 3
242 508 3
242 546 3
242 554 1
242 559 2
242 569 2
242 572 2
242 576 2
242 578 3
242 591 3
242 628 3
242 635 2
242 636 2
242 672 3
242 684 4
242 685 3
242 695 3
242 710 3
242 746 2
242 769 2
242 780 2
242 800 2
242 810 2
242 834 3
242 873 1
242 943 2
242 975 3
243 12 4
243 271 2
243 309 5
243 313 5
243 340 5
243 343 4
243 358 5
243 644 4
243 678 2
243 687 1
244 9 4
244 50 4
244 100 4
244 245 3
244 251 3
244 258 4
244 275 4
244 748 3
244 751 3
244 906 4
244 912 2
244 916 3
245 7 1
245 9 1
245 23 1
245 28 1
245 50 1
245 55 3
245 64 2
245 79 1
245 87 2
245 100 1
245 117 1
245 118 2
245 121 3
245 123 2
245 127 2
245 144 2
245 147 1
245 150 1
245 174 2
245 181 1
245 195 2
245 203 1
245 204 2
245 208 4
245 209 2
245 221 1
245 235 2
245 237 1
245 245 3
245 246 1
245 248 1
245 273 1
245 276 1
245 291 3
245 293 1
245 295 3
245 310 3
245 313 1
245 324 3
245 325 2
245 330 2
245 333 1
245 340 3
245 346 1
245 405 3
245 408 1
245 410 1
245 460 2
245 475 1
245 479 2
245 480 2
245 504 4
245 544 3
245 591 1
245 595 3
245 597 2
245 603 2
245 628 1
245 644 4
245 689 1
245 742 3
245 744 3
245 748 2
245 762 3
245 763 1
245 818 2
245 823 3
245 829 3
245 831 2
245 840 2
245 844 1
245 845 3
245 881 2
245 886 3
245 895 1
245 908 1
245 919 3
245 959 3
245 979 2
246 268 3
246 269 2
246 270 3
246 288 2
246 292 2
246 294 3
246 301 2
246 302 2
246 303 3
246 326 2
246 327 2
246 328 3
246 332 3
246 334 2
246 359 3
246 688 1
246 690 2
246 754 3
246 883 3
246 887 3
246 888 2
247 1 5
247 5 3
247 7 5
247 9 5
247 11 3
247 17 3
247 27 4
247 28 3
247 31 3
247 55 3
247 56 5
247 65 3
247 68 3
247 69 5
247 70 3
247 89 5
247 91 3
247 96 5
247 98 5
247 100 4
247 111 5
247 117 4
247 123 5
247 135 4
247 144 4
247 147 3
247 148 2
247 150 3
247 151 3
247 153 4
247 156 4
247 157 4
247 158 3
247 174 5
247 176 5
247 180 4
247 183 5
247 204 3
247 206 5
247 209 4
247 218 5
247 222 4
247 227 3
247 231 2
247 233 3
247 234 4
247 248 3
247 252 5
247 260 2
247 281 3
247 284 5
247 286 3
247 288 5
247 290 4
247 293 3
247 298 5
247 300 4
247 367 3
247 405 5
247 410 3
247 435 4
247 447 3
247 469 3
247 470 3
247 483 4
247 484 4
247 498 4
247 544 3
247 546 3
247 559 2
247 582 4
247 591 4
247 597 3
247 629 5
247 642 3
247 678 2
247 742 4
247 748 3
247 760 2
247 815 5
247 823 3
247 845 3
247 866 3
247 926 2
247 963 4
247 981 1
248 262 3
248 268 4
248 269 3
248 271 2
248 286 3
248 292 2
248 301 3
248 303 3
248 305 2
248 307 3
248 319 3
248 321 5
248 327 3
248 333 3
248 338 2
248 340 3
248 344 3
248 750 3
248 884 2
248 896 2
248 900 2
248 902 4
249 9 4
249 15 3
249 59 4
249 60 5
249 61 1
249 100 4
249 117 3
249 118 2
249 122 1
249 127 4
249 137 4
249 170 4
249 171 4
249 179 4
249 212 3
249 224 4
249 248 3
249 251 4
249 269 3
249 273 3
249 276 1
249 285 4
249 286 4
249 288 5
249 291 3
249 293 3
249 310 3
249 337 1
249 381 3
249 410 3
249 459 3
249 473 4
249 546 3
249 558 4
249 742 3
249 748 2
249 753 3
249 763 3
249 936 4
249 983 1
250 1 4
250 2 4
250 3 2
250 4 4
250 7 4
250 10 4
250 12 4
250 13 5
250 15 4
250 26 4
250 28 4
250 29 4
250 35 1
250 38 4
250 39 4
250 49 4
250 51 4
250 54 3
250 56 5
250 58 3
250 60 4
250 64 4
250 65 5
250 66 4
250 67 4
250 70 4
250 71 4
250 73 4
250 77 4
250 79 4
250 80 3
250 81 3
250 82 3
250 83 4
250 86 4
250 87 4
250 88 5
250 89 4
250 90 4
250 92 4
250 94 3
250 95 4
250 97 5
250 98 5
250 99 4
250 100 4
250 101 4
250 110 4
250 112 2
250 114 4
250 117 4
250 121 4
250 123 4
250 125 4
250 126 4
250 127 5
250 131 5
250 132 5
250 133 4
250 134 4
250 135 4
250 136 4
250 139 4
250 141 4
250 142 4
250 143 4
250 144 4
250 145 1
250 152 3
250 153 4
250 154 5
250 155 4
250 157 5
250 158 3
250 161 4
250 162 4
250 163 3
250 164 3
250 166 4
250 167 4
250 168 4
250 169 4
250 173 4
250 174 4
250 176 4
250 177 5
250 179 4
250 180 4
250 182 4
250 183 4
250 185 4
250 187 4
250 191 5
250 192 4
250 193 4
250 194 4
250 195 4
250 196 4
250 197 4
250 199 4
250 200 3
250 202 4
250 203 3
250 204 4
250 205 4
250 207 4
250 208 4
250 210 4
250 211 4
250 215 4
250 216 4
250 218 4
250 222 3
250 223 5
250 225 3
250 226 4
250 227 4
250 229 4
250 231 2
250 233 4
250 237 3
250 238 4
250 239 5
250 241 3
250 245 3
250 252 4
250 254 2
250 258 4
250 264 4
250 265 4
250 269 3
250 270 3
250 272 4
250 274 4
250 275 5
250 277 5
250 278 2
250 280 4
250 281 4
250 282 3
250 283 5
250 288 3
250 290 4
250 292 4
250 294 3
250 299 3
250 300 4
250 301 4
250 302 5
250 304 4
250 305 4
250 310 4
250 311 4
250 312 4
250 313 4
250 315 4
250 316 4
250 328 3
250 332 3
250 340 4
250 354 4
250 357 5
250 367 4
250 371 3
250 373 3
250 378 5
250 380 3
250 381 3
250 382 4
250 383 1
250 384 4
250 385 4
250 387 4
250 393 4
250 395 2
250 396 4
250 400 1
250 401 4
250 402 4
250 414 4
250 416 4
250 417 4
250 418 4
250 419 4
250 421 4
250 422 4
250 428 4
250 431 4
250 432 4
250 433 4
250 434 3
250 435 4
250 443 4
250 448 4
250 451 4
250 455 4
250 462 4
250 465 4
250 467 4
250 469 3
250 470 4
250 471 4
250 472 4
250 474 5
250 476 4
250 477 4
250 478 5
250 479 4
250 480 5
250 481 4
250 482 4
250 483 4
250 484 5
250 487 5
250 488 4
250 490 4
250 491 5
250 493 4
250 494 4
250 495 3
250 496 5
250 497 3
250 499 5
250 500 4
250 502 4
250 503 3
250 505 3
250 506 5
250 507 4
250 509 5
250 510 5
250 511 4
250 514 4
250 518 4
250 520 5
250 523 4
250 525 4
250 526 3
250 527 5
250 528 4
250 530 4
250 535 3
250 549 3
250 550 4
250 553 4
250 557 4
250 558 4
250 559 4
250 561 4
250 566 4
250 568 4
250 570 4
250 582 3
250 583 4
250 589 3
250 591 5
250 602 4
250 604 4
250 606 5
250 607 4
250 608 4
250 609 4
250 610 4
250 611 4
250 612 4
250 613 4
250 614 4
250 618 3
250 620 4
250 622 3
250 629 3
250 630 4
250 631 5
250 632 4
250 633 4
250 637 4
250 642 4
250 647 4
250 648 4
250 650 4
250 651 5
250 655 5
250 657 4
250 659 4
250 660 3
250 661 4
250 663 4
250 673 4
250 679 3
250 685 4
250 686 4
250 689 4
250 692 4
250 693 4
250 700 4
250 704 4
250 705 4
250 707 4
250 708 3
250 709 4
250 710 4
250 712 4
250 714 5
250 715 3
250 716 4
250 717 4
250 723 4
250 727 3
250 728 4
250 729 3
250 731 4
250 735 5
250 736 4
250 742 4
250 747 4
250 748 2
250 751 3
250 761 3
250 762 4
250 765 4
250 771 4
250 774 4
250 775 3
250 778 3
250 783 4
250 785 3
250 790 4
250 792 5
250 794 4
250 801 3
250 807 4
250 815 3
250 821 4
250 823 3
250 832 4
250 837 5
250 842 4
250 845 4
250 846 4
250 847 3
250 865 4
250 869 3
250 873 4
250 878 2
250 900 4
250 902 3
250 904 4
250 905 3
250 908 4
250 921 5
250 923 5
250 926 4
250 928 2
250 934 4
250 936 5
250 939 3
250 940 2
250 942 5
250 951 4
250 956 5
250 965 4
250 966 4
250 967 3
250 969 3
251 242 3
251 243 2
251 259 1
251 260 2
251 262 3
251 268 3
251 269 3
251 270 4
251 286 1
251 288 3
251 289 2
251 292 2
251 294 1
251 299 1
251 300 3
251 301 1
251 303 2
251 305 2
251 307 1
251 308 2
251 319 3
251 322 3
251 323 1
251 325 3
251 327 3
251 328 4
251 329 1
251 330 1
251 331 4
251 332 2
251 333 3
251 336 4
251 337 2
251 359 1
251 360 2
251 457 1
251 680 1
251 681 3
251 682 1
251 687 1
251 749 3
251 872 1
251 874 2
251 875 3
251 877 2
251 879 3
251 880 1
251 881 2
251 882 1
251 883 1
251 884 1
251 937 4
251 938 1
251 984 2
251 989 2
251 991 1
251 995 1
252 7 4
252 8 2
252 14 3
252 22 4
252 25 3
252 27 3
252 45 4
252 48 4
252 52 3
252 58 3
252 60 4
252 61 3
252 62 4
252 64 3
252 66 3
252 69 4
252 70 3
252 73 3
252 86 4
252 88 4
252 89 4
252 96 4
252 97 4
252 99 3
252 111 4
252 121 4
252 124 3
252 127 2
252 132 2
252 134 2
252 135 3
252 136 3
252 143 4
252 152 4
252 154 4
252 156 3
252 161 4
252 162 4
252 163 4
252 168 4
252 170 4
252 171 4
252 173 3
252 174 4
252 180 3
252 181 4
252 183 3
252 185 2
252 186 3
252 187 3
252 188 3
252 191 3
252 194 4
252 195 4
252 197 3
252 201 3
252 202 4
252 203 4
252 204 4
252 207 4
252 212 4
252 216 4
252 234 4
252 237 4
252 243 2
252 245 3
252 259 2
252 269 3
252 276 4
252 286 4
252 294 3
252 318 3
252 371 3
252 384 3
252 404 4
252 418 3
252 419 3
252 420 4
252 423 4
252 427 4
252 430 4
252 432 2
252 435 3
252 443 2
252 455 3
252 458 4
252 461 3
252 462 4
252 465 3
252 467 4
252 472 4
252 479 2
252 482 3
252 483 3
252 485 3
252 488 2
252 491 4
252 492 4
252 494 4
252 495 3
252 496 4
252 498 2
252 502 4
252 506 3
252 510 3
252 513 2
252 517 4
252 518 4
252 521 4
252 523 2
252 526 2
252 530 4
252 531 4
252 554 2
252 576 3
252 588 4
252 597 3
252 603 4
252 609 4
252 614 4
252 615 4
252 624 4
252 631 3
252 636 3
252 641 4
252 648 4
252 654 4
252 659 4
252 660 3
252 684 4
252 729 3
252 736 4
252 780 2
252 781 3
252 792 4
252 805 4
252 815 4
252 863 3
252 874 4
252 924 3
252 947 4
252 969 4
252 971 4
253 3 2
253 4 3
253 7 3
253 9 3
253 11 3
253 12 3
253 17 3
253 22 3
253 24 3
253 33 3
253 42 3
253 48 3
253 49 3
253 50 3
253 53 2
253 59 4
253 68 3
253 69 3
253 73 4
253 79 3
253 80 3
253 93 3
253 94 2
253 97 3
253 98 3
253 100 3
253 117 3
253 122 1
253 125 3
253 132 4
253 143 3
253 154 3
253 156 3
253 157 3
253 158 3
253 164 3
253 168 3
253 172 3
253 174 3
253 181 3
253 186 3
253 188 3
253 196 3
253 204 3
253 210 3
253 231 4
253 233 3
253 238 4
253 239 3
253 246 3
253 248 3
253 254 2
253 258 3
253 268 4
253 276 3
253 288 3
253 298 3
253 318 4
253 354 4
253 356 3
253 357 3
253 364 2
253 367 3
253 369 3
253 384 3
253 385 3
253 393 3
253 401 2
253 402 2
253 410 3
253 412 2
253 416 3
253 421 3
253 423 3
253 424 1
253 427 4
253 456 1
253 471 3
253 475 3
253 476 3
253 496 3
253 508 4
253 509 4
253 515 4
253 550 3
253 552 3
253 566 3
253 568 3
253 578 4
253 586 4
253 591 3
253 628 3
253 651 3
253 655 3
253 684 3
253 693 3
253 697 3
253 717 2
253 721 2
253 742 3
253 871 2
253 959 3
253 963 4
253 975 3
254 1 2
254 11 3
254 12 2
254 15 3
254 22 2
254 28 2
254 50 2
254 51 3
254 55 3
254 56 2
254 58 2
254 66 3
254 69 2
254 70 3
254 73 3
254 76 3
254 77 3
254 79 3
254 82 3
254 87 2
254 88 3
254 89 3
254 96 3
254 97 2
254 98 1
254 99 2
254 100 3
254 107 2
254 114 4
254 117 3
254 118 3
254 121 3
254 124 3
254 131 3
254 133 3
254 134 4
254 136 3
254 143 3
254 144 3
254 153 2
254 161 3
254 162 3
254 164 3
254 169 2
254 172 3
254 173 3
254 174 2
254 181 3
254 182 2
254 185 2
254 191 2
254 195 2
254 196 3
254 197 3
254 199 3
254 202 3
254 203 1
254 204 3
254 210 3
254 211 2
254 215 2
254 222 1
254 228 2
254 234 2
254 237 2
254 245 3
254 248 3
254 250 1
254 255 3
254 257 3
254 258 2
254 259 3
254 260 2
254 270 2
254 272 4
254 277 2
254 279 2
254 286 3
254 289 2
254 293 2
254 300 3
254 310 2
254 315 2
254 316 2
254 317 2
254 318 2
254 322 3
254 323 3
254 326 2
254 356 3
254 357 4
254 378 3
254 385 3
254 392 2
254 414 2
254 418 3
254 419 2
254 423 2
254 427 2
254 431 3
254 434 2
254 435 2
254 451 3
254 465 3
254 468 2
254 474 4
254 478 3
254 479 2
254 482 2
254 483 4
254 484 2
254 485 3
254 487 4
254 490 4
254 492 2
254 493 2
254 496 2
254 497 2
254 507 3
254 509 2
254 519 2
254 520 2
254 526 2
254 528 2
254 531 4
254 566 3
254 568 3
254 603 3
254 605 2
254 607 2
254 610 3
254 612 2
254 614 2
254 627 3
254 631 3
254 633 3
254 642 3
254 649 2
254 651 2
254 654 2
254 655 2
254 657 2
254 659 2
254 660 2
254 661 2
254 678 3
254 685 2
254 686 2
254 692 2
254 693 2
254 694 2
254 705 2
254 707 2
254 724 4
254 735 2
254 736 4
254 740 3
254 742 3
254 746 3
254 836 3
254 837 2
254 842 3
254 873 1
254 875 3
254 879 3
254 939 3
254 945 3
254 956 2
254 968 2
255 1 3
255 2 3
255 4 3
255 7 3
255 8 4
255 9 3
255 12 3
255 14 3
255 17 4
255 20 3
255 24 4
255 25 4
255 31 4
255 39 4
255 40 3
255 42 4
255 44 3
255 47 3
255 53 2
255 56 3
255 57 3
255 58 4
255 64 4
255 69 3
255 70 3
255 71 3
255 87 4
255 95 3
255 96 3
255 97 3
255 98 4
255 100 3
255 118 3
255 123 4
255 125 3
255 126 3
255 127 3
255 135 3
255 148 3
255 161 3
255 170 3
255 174 3
255 176 3
255 191 4
255 196 3
255 197 3
255 204 3
255 214 3
255 217 2
255 222 3
255 223 3
255 228 3
255 234 4
255 237 4
255 241 4
255 245 3
255 252 4
255 255 3
255 257 3
255 265 3
255 270 4
255 275 3
255 276 4
255 277 3
255 279 3
255 281 3
255 282 4
255 288 3
255 289 2
255 291 3
255 292 3
255 293 3
255 300 3
255 301 3
255 304 3
255 307 2
255 313 4
255 317 4
255 318 4
255 321 3
255 323 3
255 334 2
255 343 4
255 380 3
255 382 3
255 393 3
255 402 3
255 405 4
255 423 4
255 428 3
255 447 4
255 455 3
255 462 3
255 465 4
255 471 3
255 475 3
255 504 4
255 508 4
255 511 3
255 515 4
255 518 3
255 529 4
255 531 4
255 582 3
255 584 3
255 591 3
255 597 3
255 627 3
255 628 3
255 629 3
255 647 3
255 660 3
255 678 4
255 692 4
255 694 4
255 709 4
255 724 4
255 727 4
255 738 2
255 747 3
255 755 4
255 778 3
255 898 2
255 934 4
255 939 4
256 1 3
256 3 3
256 4 4
256 9 4
256 12 4
256 13 4
256 22 3
256 23 4
256 32 3
256 42 4
256 46 4
256 50 4
256 53 3
256 54 3
256 57 3
256 60 4
256 61 4
256 68 3
256 69 3
256 71 3
256 79 3
256 80 3
256 86 4
256 91 4
256 92 3
256 95 3
256 97 3
256 100 3
256 101 3
256 111 4
256 121 4
256 125 3
256 127 4
256 133 3
256 135 3
256 143 3
256 161 3
256 168 4
256 170 4
256 172 3
256 174 3
256 175 4
256 177 4
256 179 3
256 181 4
256 182 3
256 185 3
256 186 4
256 187 4
256 188 3
256 194 3
256 196 3
256 197 3
256 200 3
256 202 4
256 210 4
256 211 3
256 218 3
256 222 4
256 226 4
256 228 4
256 231 4
256 232 3
256 234 3
256 238 3
256 268 4
256 273 4
256 274 3
256 282 3
256 286 3
256 294 3
256 325 2
256 346 4
256 357 3
256 366 3
256 369 2
256 380 3
256 403 3
256 410 3
256 414 3
256 419 3
256 421 4
256 423 3
256 427 3
256 431 3
256 432 4
256 433 4
256 443 3
256 448 3
256 449 3
256 452 3
256 460 2
256 461 3
256 462 4
256 474 3
256 475 4
256 479 3
256 484 4
256 490 4
256 498 3
256 505 3
256 506 4
256 508 3
256 523 3
256 546 3
256 559 2
256 568 3
256 578 3
256 581 3
256 582 4
256 603 3
256 608 3
256 616 3
256 640 4
256 655 4
256 658 4
256 660 3
256 662 4
256 672 2
256 673 3
256 693 3
256 696 3
256 708 3
256 710 4
256 715 4
256 720 3
256 721 2
256 737 4
256 743 2
256 763 3
256 789 4
256 806 4
256 818 2
256 845 3
256 864 2
256 919 3
256 922 3
256 933 1
256 943 3
256 955 3
256 959 4
256 963 4
256 979 2
256 985 2
257 4 5
257 7 5
257 8 4
257 9 4
257 11 3
257 12 5
257 14 4
257 15 5
257 20 5
257 27 3
257 31 5
257 38 3
257 44 5
257 45 5
257 48 5
257 50 5
257 51 3
257 52 5
257 53 4
257 54 3
257 56 4
257 57 5
257 58 5
257 59 4
257 62 5
257 64 4
257 65 5
257 66 3
257 70 4
257 77 4
257 79 4
257 82 4
257 83 4
257 86 4
257 89 5
257 91 3
257 94 5
257 96 4
257 97 4
257 100 5
257 105 4
257 114 5
257 117 5
257 118 4
257 122 3
257 127 4
257 132 4
257 134 5
257 137 4
257 143 5
257 144 5
257 148 3
257 151 3
257 155 4
257 156 5
257 157 5
257 161 5
257 162 5
257 164 3
257 168 5
257 172 5
257 173 5
257 174 5
257 176 5
257 180 5
257 181 5
257 182 5
257 183 5
257 185 5
257 186 5
257 190 4
257 191 5
257 192 5
257 193 5
257 194 5
257 195 5
257 196 4
257 197 5
257 200 5
257 203 5
257 204 4
257 209 5
257 214 5
257 215 5
257 216 5
257 218 3
257 219 2
257 226 3
257 229 4
257 230 4
257 231 4
257 232 4
257 234 4
257 235 2
257 237 5
257 239 5
257 240 4
257 241 4
257 243 4
257 248 3
257 257 5
257 258 5
257 265 5
257 282 3
257 285 5
257 288 4
257 304 5
257 318 5
257 357 3
257 366 3
257 370 4
257 372 3
257 373 3
257 378 3
257 380 5
257 385 3
257 393 5
257 395 2
257 401 2
257 402 4
257 403 3
257 405 4
257 410 3
257 411 3
257 412 2
257 417 3
257 425 3
257 428 5
257 436 5
257 443 5
257 448 4
257 450 4
257 452 3
257 453 4
257 455 3
257 456 4
257 458 3
257 462 3
257 469 3
257 470 3
257 471 3
257 472 3
257 473 3
257 474 4
257 476 3
257 483 5
257 500 5
257 507 3
257 509 5
257 527 5
257 529 4
257 531 5
257 540 2
257 546 3
257 549 5
257 553 3
257 559 2
257 566 5
257 568 3
257 582 5
257 584 5
257 588 5
257 597 4
257 623 2
257 628 5
257 629 3
257 631 3
257 632 4
257 636 4
257 640 3
257 651 5
257 655 4
257 658 3
257 664 5
257 673 3
257 679 5
257 692 3
257 699 5
257 704 3
257 708 4
257 709 4
257 717 2
257 720 3
257 722 3
257 727 5
257 729 3
257 732 3
257 739 3
257 742 5
257 744 3
257 747 3
257 755 3
257 756 2
257 758 1
257 769 4
257 770 3
257 775 3
257 783 3
257 792 4
257 819 3
257 825 5
257 841 2
257 845 3
257 871 2
257 931 1
257 934 3
257 948 4
257 949 3
257 959 5
257 980 2
258 8 5
258 9 5
258 12 5
258 13 3
258 14 4
258 20 4
258 23 4
258 25 3
258 28 3
258 32 4
258 48 3
258 50 5
258 57 5
258 58 3
258 86 4
258 96 5
258 98 5
258 117 4
258 121 3
258 124 5
258 126 4
258 127 5
258 129 3
258 134 5
258 143 3
258 144 5
258 147 4
258 152 3
258 169 4
258 174 5
258 178 5
258 179 5
258 180 4
258 181 5
258 182 5
258 183 5
258 189 4
258 190 5
258 191 5
258 192 4
258 193 3
258 195 5
258 203 5
258 208 5
258 209 5
258 234 5
258 237 3
258 238 5
258 245 4
258 250 3
258 255 2
258 273 4
258 278 4
258 282 3
258 283 2
258 284 4
258 285 5
258 286 4
258 287 3
258 288 2
258 293 4
258 298 4
258 301 4
258 304 4
258 307 3
258 317 3
258 318 5
258 319 3
258 321 2
258 330 2
258 333 4
258 346 3
258 357 5
258 387 3
258 405 3
258 408 4
258 410 3
258 423 4
258 425 2
258 427 4
258 430 5
258 467 4
258 469 4
258 473 3
258 474 4
258 496 4
258 509 4
258 514 5
258 517 3
258 521 3
258 526 5
258 529 4
258 530 4
258 546 4
258 582 3
258 588 3
258 589 3
258 591 3
258 597 3
258 603 4
258 632 4
258 644 4
258 648 5
258 651 5
258 654 4
258 663 4
258 685 3
258 694 5
258 696 3
258 704 3
258 709 4
258 717 2
258 736 4
258 742 3
258 750 5
258 753 4
258 792 3
258 844 2
258 847 3
258 896 3
258 925 4
258 939 4
258 952 3
258 956 4
258 980 2
259 1 3
259 3 3
259 7 3
259 8 4
259 15 3
259 16 3
259 19 3
259 22 3
259 25 4
259 100 2
259 108 3
259 111 3
259 117 3
259 120 2
259 121 4
259 123 3
259 134 4
259 147 2
259 148 4
259 164 3
259 172 3
259 174 3
259 181 3
259 194 4
259 216 4
259 220 4
259 222 3
259 225 2
259 230 2
259 245 3
259 249 2
259 250 3
259 255 3
259 258 3
259 264 4
259 278 2
259 282 3
259 286 4
259 289 4
259 291 3
259 295 4
259 300 3
259 301 3
259 322 2
259 323 2
259 328 2
259 332 3
259 333 3
259 336 2
259 357 3
259 358 2
259 411 3
259 472 2
259 473 3
259 523 4
259 546 2
259 568 3
259 596 3
259 597 3
259 651 3
259 676 4
259 678 4
259 685 3
259 687 4
259 742 4
259 748 2
259 815 4
259 825 4
259 827 3
259 832 2
259 846 3
259 864 2
259 866 3
259 873 1
259 879 3
259 934 4
259 969 3
259 978 2
259 989 3
260 1 3
260 7 3
260 10 3
260 14 4
260 20 3
260 117 4
260 127 4
260 129 4
260 146 3
260 221 4
260 224 3
260 242 4
260 248 3
260 250 3
260 253 4
260 257 4
260 258 4
260 273 4
260 275 4
260 276 4
260 279 3
260 286 3
260 289 2
260 294 3
260 297 3
260 301 3
260 302 4
260 303 3
260 307 3
260 311 3
260 322 4
260 327 3
260 458 4
260 515 4
260 532 4
260 591 4
260 676 4
260 713 3
260 744 3
261 121 4
261 158 3
261 242 4
261 255 3
261 269 5
261 285 4
261 302 3
261 304 4
261 319 3
261 347 3
261 682 2
262 11 5
262 22 4
262 100 5
262 136 4
262 237 4
262 259 4
262 271 2
262 288 4
262 289 2
262 292 3
262 300 5
262 313 5
262 321 3
262 332 3
262 358 2
262 678 2
262 682 2
262 866 5
262 895 2
263 3 1
263 7 3
263 10 3
263 14 4
263 15 1
263 20 3
263 24 1
263 50 4
263 93 3
263 100 4
263 103 1
263 107 3
263 112 1
263 116 4
263 117 2
263 121 3
263 124 4
263 126 3
263 127 4
263 137 3
263 147 1
263 149 3
263 150 3
263 151 3
263 221 3
263 224 2
263 225 1
263 235 2
263 242 3
263 243 1
263 244 3
263 248 3
263 249 1
263 250 2
263 253 4
263 257 3
263 258 3
263 268 4
263 270 3
263 274 4
263 282 3
263 283 3
263 284 3
263 285 3
263 288 3
263 301 1
263 304 3
263 306 3
263 311 3
263 319 4
263 347 3
263 362 1
263 455 3
263 472 2
263 473 2
263 475 2
263 477 3
263 508 3
263 544 1
263 593 4
263 596 1
263 597 3
263 689 3
263 741 3
263 744 3
263 751 3
263 819 2
263 845 3
263 864 1
263 870 3
263 880 3
263 887 3
263 926 1
263 930 2
263 950 1
263 952 2
263 988 1
263 993 3
264 16 4
264 116 3
264 176 4
264 181 5
264 194 4
264 248 3
264 258 5
264 260 3
264 269 5
264 286 3
264 289 2
264 293 3
264 298 4
264 300 3
264 301 3
264 321 3
264 322 2
264 328 3
264 333 3
264 358 3
264 482 5
264 603 4
264 678 2
264 705 4
264 709 4
264 748 4
264 879 3
265 1 3
265 7 3
265 8 3
265 12 4
265 22 3
265 28 4
265 32 3
265 56 3
265 64 4
265 87 4
265 97 3
265 100 4
265 109 4
265 114 3
265 132 3
265 134 3
265 136 3
265 143 3
265 154 4
265 169 4
265 172 4
265 174 3
265 175 4
265 179 4
265 180 3
265 181 4
265 190 3
265 191 3
265 194 3
265 198 3
265 199 3
265 202 4
265 257 4
265 258 4
265 283 3
265 286 4
265 300 3
265 318 3
265 319 4
265 395 2
265 404 3
265 423 4
265 428 4
265 474 3
265 475 3
265 478 3
265 481 3
265 496 3
265 529 4
265 584 3
265 588 3
265 603 4
265 615 4
265 638 3
265 651 4
265 656 4
265 705 4
265 855 3
266 2 3
266 11 5
266 22 3
266 24 5
266 27 3
266 50 4
266 55 3
266 56 4
266 62 3
266 79 3
266 87 4
266 89 4
266 95 4
266 96 3
266 98 4
266 117 4
266 127 4
266 128 3
266 144 4
266 174 4
266 181 3
266 182 4
266 183 3
266 184 3
266 187 4
266 188 3
266 210 3
266 231 2
266 232 3
266 258 4
266 265 3
266 268 5
266 269 3
266 273 4
266 288 2
266 292 3
266 294 3
266 302 3
266 306 4
266 308 3
266 313 4
266 315 3
266 321 3
266 324 3
266 326 3
266 327 3
266 328 3
266 331 5
266 333 3
266 334 5
266 346 3
266 349 2
266 350 3
266 354 3
266 357 4
266 385 3
266 405 3
266 455 4
266 518 3
266 546 3
266 550 4
266 566 4
266 568 3
266 651 4
266 682 2
266 748 2
266 873 1
266 882 2
266 885 2
266 898 2
266 902 3
266 908 1
266 995 3
267 7 4
267 10 5
267 24 3
267 50 3
267 93 3
267 100 3
267 108 4
267 109 4
267 150 2
267 240 2
267 246 3
267 248 3
267 249 2
267 264 2
267 268 3
267 269 3
267 273 2
267 276 3
267 298 2
267 327 4
267 340 3
267 455 3
267 475 3
267 742 3
267 762 5
267 919 3
268 1 4
268 4 4
268 7 3
268 8 4
268 13 4
268 15 3
268 19 3
268 22 4
268 23 4
268 25 3
268 31 4
268 39 2
268 42 4
268 47 2
268 51 3
268 56 3
268 58 3
268 69 3
268 70 3
268 71 4
268 95 3
268 96 4
268 97 2
268 98 4
268 100 4
268 111 3
268 116 4
268 118 3
268 121 3
268 126 3
268 132 3
268 137 4
268 144 4
268 150 3
268 153 4
268 157 4
268 159 4
268 160 4
268 170 4
268 172 4
268 173 4
268 178 4
268 180 4
268 181 4
268 182 4
268 191 4
268 192 4
268 195 4
268 200 3
268 209 4
268 214 3
268 216 4
268 222 4
268 238 4
268 246 4
268 251 3
268 257 3
268 258 4
268 273 4
268 283 4
268 285 4
268 293 4
268 294 3
268 297 3
268 318 4
268 321 3
268 357 2
268 367 4
268 377 1
268 405 3
268 411 3
268 423 4
268 427 4
268 428 2
268 435 4
268 462 4
268 469 3
268 471 3
268 475 2
268 498 4
268 507 3
268 529 4
268 544 3
268 582 3
268 603 4
268 612 3
268 642 3
268 655 4
268 662 4
268 692 3
268 699 4
268 724 4
268 742 3
268 826 2
268 856 3
268 926 2
268 952 3
269 64 4
269 65 4
269 127 4
269 134 5
269 136 4
269 153 4
269 194 4
269 199 5
269 215 3
269 286 5
269 306 3
269 483 4
269 484 5
269 490 5
269 495 5
269 507 5
269 511 4
269 520 4
269 530 4
269 582 5
269 605 5
269 610 3
269 611 4
269 641 5
269 654 4
269 656 4
269 705 4
269 855 3
269 923 4
270 1 2
270 7 2
270 9 2
270 13 3
270 19 2
270 50 2
270 93 3
270 100 2
270 118 3
270 125 3
270 150 2
270 181 2
270 221 2
270 235 2
270 248 2
270 257 2
270 258 2
270 276 3
270 283 3
270 284 4
270 285 4
270 286 2
270 293 2
270 294 4
270 295 3
270 360 3
270 458 3
270 471 3
270 475 2
270 508 3
270 544 3
270 546 3
270 813 2
270 824 2
270 919 3
270 950 2
270 952 3
271 1 2
271 8 1
271 50 4
271 94 2
271 95 4
271 99 2
271 140 4
271 225 5
271 404 3
271 418 3
271 477 5
271 501 4
271 596 5
271 768 5
271 878 5
271 932 2
271 969 3
272 1 3
272 2 4
272 3 2
272 4 3
272 7 3
272 11 5
272 12 4
272 21 2
272 24 4
272 27 5
272 28 3
272 29 3
272 33 3
272 38 3
272 41 2
272 43 4
272 49 4
272 51 4
272 56 4
272 63 3
272 64 4
272 66 4
272 68 4
272 69 3
272 71 3
272 72 4
272 73 4
272 78 3
272 79 4
272 80 4
272 82 3
272 88 4
272 90 3
272 94 4
272 97 3
272 99 3
272 101 3
272 109 5
272 117 5
272 118 4
272 120 5
272 121 5
272 122 1
272 123 3
272 132 4
272 135 4
272 141 4
272 151 3
272 161 4
272 168 4
272 172 4
272 173 4
272 174 4
272 175 4
272 177 4
272 181 5
272 183 4
272 185 4
272 186 3
272 193 3
272 195 4
272 196 4
272 204 4
272 210 5
272 215 3
272 217 2
272 218 3
272 226 3
272 228 4
272 229 3
272 232 4
272 233 3
272 234 4
272 239 4
272 240 5
272 250 5
272 254 2
272 255 5
272 258 4
272 260 4
272 271 2
272 288 4
272 313 5
272 318 5
272 323 4
272 343 4
272 355 4
272 358 3
272 362 4
272 365 3
272 368 2
272 370 3
272 373 3
272 374 3
272 375 2
272 378 3
272 380 3
272 384 4
272 386 2
272 391 5
272 392 3
272 393 3
272 395 5
272 400 1
272 401 4
272 404 3
272 411 5
272 416 3
272 417 3
272 418 5
272 431 3
272 443 3
272 449 3
272 465 3
272 473 3
272 475 3
272 477 5
272 485 3
272 496 4
272 501 3
272 541 3
272 546 3
272 548 3
272 550 4
272 552 3
272 559 2
272 561 2
272 562 3
272 567 4
272 568 4
272 569 2
272 576 3
272 577 3
272 578 4
272 584 5
272 588 3
272 597 5
272 609 3
272 625 4
272 633 4
272 655 4
272 665 2
272 672 4
272 685 3
272 689 3
272 715 3
272 720 3
272 739 3
272 742 5
272 743 4
272 746 3
272 747 3
272 751 5
272 755 3
272 756 3
272 758 4
272 760 2
272 763 3
272 768 2
272 771 3
272 780 2
272 790 4
272 796 3
272 810 5
272 826 5
272 834 3
272 877 4
272 890 2
272 895 4
272 924 4
272 928 4
272 930 3
272 931 4
272 940 2
272 946 3
272 951 3
272 977 4
273 7 3
273 9 3
273 10 3
273 14 4
273 25 2
273 116 5
273 124 4
273 129 3
273 137 4
273 242 4
273 257 5
273 275 4
273 276 4
273 293 4
273 302 3
273 303 3
273 319 2
273 327 3
273 547 2
273 813 2
274 7 5
274 8 4
274 11 5
274 12 4
274 13 3
274 14 4
274 15 3
274 22 4
274 23 4
274 26 3
274 42 4
274 44 3
274 45 5
274 48 4
274 50 4
274 52 4
274 58 4
274 60 5
274 61 4
274 64 4
274 66 3
274 68 5
274 69 5
274 70 5
274 71 4
274 72 3
274 73 3
274 76 5
274 77 3
274 79 4
274 83 4
274 86 4
274 87 4
274 88 4
274 89 4
274 92 4
274 97 3
274 98 4
274 99 4
274 100 4
274 107 5
274 116 4
274 117 3
274 121 3
274 131 4
274 132 4
274 134 4
274 135 4
274 136 3
274 141 3
274 150 4
274 161 4
274 168 4
274 170 4
274 171 5
274 172 4
274 173 4
274 175 4
274 176 4
274 178 4
274 179 5
274 180 4
274 181 4
274 182 5
274 183 4
274 191 4
274 192 4
274 193 4
274 194 4
274 195 4
274 196 4
274 198 5
274 203 4
274 205 3
274 207 4
274 208 4
274 210 4
274 211 4
274 212 3
274 215 4
274 216 5
274 218 3
274 221 3
274 227 3
274 230 3
274 234 4
274 237 4
274 238 4
274 244 5
274 248 4
274 252 3
274 257 3
274 258 4
274 265 4
274 274 5
274 275 4
274 276 3
274 282 5
274 283 3
274 285 3
274 288 3
274 289 2
274 291 5
274 293 5
274 298 3
274 302 4
274 313 5
274 315 4
274 316 4
274 317 4
274 322 3
274 326 4
274 346 5
274 356 5
274 380 5
274 382 3
274 385 4
274 410 3
274 414 4
274 416 3
274 418 3
274 419 3
274 430 4
274 434 4
274 435 4
274 436 5
274 461 3
274 462 4
274 463 4
274 470 3
274 474 4
274 475 5
274 478 4
274 480 4
274 481 4
274 483 4
274 484 4
274 486 3
274 488 4
274 489 4
274 490 4
274 491 4
274 493 4
274 495 3
274 496 4
274 497 3
274 498 4
274 499 4
274 503 5
274 506 4
274 507 3
274 508 3
274 511 4
274 513 4
274 514 4
274 517 4
274 518 5
274 519 4
274 520 4
274 521 3
274 525 4
274 526 3
274 527 4
274 528 4
274 529 4
274 530 4
274 553 3
274 566 3
274 584 5
274 591 3
274 601 4
274 602 4
274 603 4
274 604 4
274 605 3
274 607 3
274 610 3
274 614 4
274 615 4
274 618 5
274 628 5
274 633 3
274 641 3
274 642 3
274 646 3
274 648 3
274 649 3
274 651 4
274 653 3
274 657 4
274 659 3
274 660 3
274 661 4
274 664 5
274 676 3
274 684 4
274 685 4
274 692 5
274 696 3
274 697 5
274 699 4
274 705 5
274 707 5
274 708 3
274 709 4
274 735 4
274 736 4
274 744 5
274 756 2
274 789 4
274 792 4
274 836 3
274 848 4
274 921 4
274 923 4
274 939 3
274 943 3
274 945 4
274 963 5
274 966 5
274 971 3
274 996 2
275 70 4
275 100 5
275 127 4
275 259 2
275 286 3
275 313 5
275 381 3
276 4 4
276 26 2
276 33 3
276 56 5
276 63 1
276 67 2
276 72 1
276 73 3
276 80 1
276 83 5
276 88 1
276 168 3
276 173 3
276 175 5
276 186 3
276 202 3
276 204 5
276 209 4
276 211 5
276 216 3
276 232 3
276 238 3
276 239 3
276 288 3
276 294 3
276 300 3
276 328 3
276 343 2
276 367 3
276 386 4
276 435 4
276 579 5
276 648 4
276 655 5
276 692 3
276 710 3
276 712 2
276 715 2
276 734 2
276 738 1
276 748 2
276 765 1
276 781 3
276 790 3
276 792 5
276 890 2
276 944 1
276 999 3
277 20 3
277 25 4
277 36 4
277 49 4
277 88 3
277 90 2
277 237 3
277 255 4
277 282 4
277 289 2
277 294 3
277 369 2
277 553 4
277 709 4
277 722 4
277 731 3
277 732 4
277 756 2
277 781 3
277 846 4
278 1 5
278 7 4
278 17 3
278 23 4
278 26 3
278 28 4
278 40 3
278 42 4
278 48 4
278 50 4
278 65 4
278 69 4
278 72 4
278 77 4
278 79 5
278 81 4
278 93 4
278 98 4
278 111 4
278 122 3
278 134 4
278 143 4
278 145 1
278 151 4
278 160 4
278 161 4
278 188 3
278 196 4
278 216 5
278 218 4
278 219 2
278 222 3
278 231 2
278 237 3
278 238 4
278 255 4
278 276 4
278 282 3
278 288 3
278 300 3
278 318 4
278 327 3
278 340 3
278 350 3
278 354 3
278 357 4
278 367 4
278 369 3
278 381 4
278 392 3
278 403 3
278 410 3
278 412 3
278 427 4
278 447 3
278 451 3
278 467 4
278 469 3
278 518 4
278 568 4
278 591 3
278 604 4
278 616 3
278 655 4
278 658 4
278 673 5
278 684 4
278 743 4
278 763 3
278 843 3
278 866 3
278 959 4
278 975 3
279 1 4
279 8 4
279 24 3
279 28 5
279 31 3
279 50 4
279 54 1
279 55 5
279 58 3
279 66 2
279 70 1
279 71 4
279 79 4
279 82 3
279 88 5
279 89 4
279 95 3
279 96 4
279 97 5
279 100 4
279 101 3
279 108 3
279 111 3
279 117 3
279 118 3
279 121 3
279 122 2
279 127 4
279 133 3
279 135 4
279 144 3
279 147 3
279 148 3
279 153 4
279 161 3
279 164 2
279 168 4
279 172 4
279 173 4
279 174 4
279 175 4
279 176 4
279 177 4
279 179 4
279 180 4
279 181 4
279 182 4
279 183 5
279 185 4
279 187 4
279 188 3
279 189 4
279 190 5
279 195 4
279 197 4
279 198 4
279 201 1
279 204 2
279 209 4
279 210 5
279 211 3
279 213 3
279 215 3
279 216 5
279 228 4
279 230 3
279 241 3
279 248 3
279 249 3
279 255 3
279 257 3
279 258 5
279 261 2
279 264 3
279 265 4
279 266 3
279 270 4
279 272 4
279 274 3
279 281 3
279 282 4
279 286 3
279 288 2
279 294 1
279 295 4
279 298 1
279 300 4
279 304 3
279 325 2
279 328 3
279 356 3
279 358 2
279 380 3
279 385 3
279 398 2
279 405 4
279 421 5
279 422 3
279 423 5
279 436 4
279 455 3
279 463 4
279 472 1
279 479 4
279 483 4
279 489 2
279 510 3
279 511 4
279 523 5
279 526 3
279 528 4
279 535 3
279 546 3
279 566 3
279 588 3
279 602 4
279 604 4
279 616 3
279 629 3
279 632 4
279 640 4
279 651 3
279 655 4
279 680 3
279 688 1
279 692 3
279 727 3
279 732 3
279 739 3
279 748 2
279 751 4
279 752 2
279 840 1
279 879 3
279 931 1
279 945 3
280 8 4
280 12 4
280 64 4
280 89 4
280 96 5
280 100 4
280 114 4
280 127 4
280 165 4
280 172 4
280 174 4
280 175 4
280 183 4
280 190 4
280 191 4
280 213 3
280 234 4
280 237 3
280 257 3
280 258 4
280 265 3
280 272 4
280 298 3
280 347 3
280 462 3
280 479 4
280 483 4
280 504 4
280 510 4
280 511 4
280 517 3
280 603 4
280 615 4
280 642 3
280 661 4
280 705 4
280 863 3
281 4 4
281 42 4
281 50 4
281 66 3
281 70 4
281 86 4
281 100 4
281 153 4
281 163 4
281 173 4
281 190 4
281 197 4
281 204 5
281 207 4
281 210 4
281 216 4
281 283 4
281 313 4
281 318 4
281 322 3
281 367 3
281 427 4
281 430 4
281 479 4
281 484 4
281 505 4
281 507 3
281 524 4
281 648 4
281 650 3
281 659 4
281 678 2
281 692 3
281 780 2
282 127 4
282 257 4
282 269 3
282 288 3
282 295 3
282 298 3
282 311 4
282 315 3
282 346 4
282 876 4
282 881 4
282 988 4
283 1 2
283 12 3
283 20 3
283 99 2
283 107 3
283 109 3
283 116 3
283 121 2
283 151 2
283 180 4
283 195 2
283 197 3
283 199 3
283 229 4
283 230 3
283 250 4
283 257 3
283 270 3
283 271 2
283 274 3
283 275 4
283 277 3
283 286 3
283 290 2
283 313 3
283 318 4
283 365 2
283 380 4
283 405 2
283 449 4
283 450 2
283 462 3
283 480 4
283 538 2
283 582 2
283 612 3
283 743 2
283 900 4
284 1 5
284 7 5
284 9 4
284 15 4
284 24 3
284 25 3
284 28 4
284 29 2
284 50 4
284 51 3
284 53 2
284 56 4
284 69 4
284 70 4
284 71 3
284 73 4
284 79 4
284 82 4
284 94 4
284 96 4
284 97 4
284 98 4
284 111 3
284 122 1
284 135 4
284 136 4
284 141 4
284 143 5
284 144 4
284 150 5
284 151 3
284 168 5
284 173 5
284 174 5
284 181 4
284 195 4
284 202 4
284 204 4
284 216 5
284 222 5
284 227 4
284 229 4
284 234 5
284 235 2
284 237 4
284 248 3
284 250 4
284 252 4
284 255 4
284 257 5
284 258 4
284 274 5
284 275 4
284 293 4
284 294 4
284 300 3
284 313 4
284 315 4
284 318 4
284 343 2
284 385 4
284 392 3
284 399 3
284 405 4
284 419 5
284 422 4
284 427 4
284 431 3
284 449 4
284 451 3
284 463 4
284 472 3
284 510 5
284 550 4
284 554 2
284 560 4
284 562 5
284 568 4
284 578 4
284 588 4
284 597 3
284 625 3
284 651 5
284 655 4
284 665 4
284 679 3
284 692 3
284 699 4
284 746 3
284 778 5
284 823 4
284 829 5
284 849 2
284 879 3
284 924 5
284 926 2
285 288 1
285 289 2
285 303 2
285 307 3
285 313 2
285 319 1
285 321 3
285 326 4
285 330 3
285 347 2
285 748 3
286 1 2
286 3 2
286 7 3
286 10 3
286 13 4
286 14 4
286 15 3
286 93 4
286 109 4
286 111 3
286 121 2
286 123 3
286 124 4
286 125 3
286 127 4
286 129 3
286 137 4
286 146 3
286 147 3
286 150 3
286 151 3
286 181 3
286 220 4
286 221 4
286 235 4
286 236 3
286 237 3
286 245 2
286 248 3
286 250 3
286 255 3
286 257 3
286 258 3
286 262 3
286 264 2
286 270 2
286 273 3
286 275 4
286 276 4
286 277 3
286 280 3
286 282 3
286 284 3
286 285 4
286 286 4
286 287 3
286 295 3
286 298 3
286 299 3
286 300 2
286 305 3
286 319 4
286 321 2
286 322 2
286 327 3
286 331 2
286 332 4
286 333 3
286 460 2
286 471 3
286 475 3
286 476 2
286 508 3
286 591 3
286 595 3
286 597 3
286 620 4
286 628 2
286 678 2
286 689 3
286 690 4
286 696 4
286 717 2
286 718 4
286 742 3
286 748 2
286 762 4
286 766 2
286 818 3
286 823 3
286 846 4
286 864 2
286 872 2
286 874 3
286 879 3
286 880 3
286 882 3
286 886 3
286 887 3
286 924 4
286 935 2
286 936 3
286 975 3
286 994 2
286 995 4
287 1 4
287 2 2
287 3 2
287 4 4
287 12 4
287 17 2
287 25 3
287 28 4
287 31 4
287 38 2
287 42 3
287 43 3
287 45 4
287 48 4
287 49 3
287 50 4
287 55 4
287 58 4
287 66 2
287 68 3
287 69 4
287 71 3
287 73 3
287 76 3
287 77 4
287 79 4
287 81 3
287 82 3
287 87 4
287 88 3
287 92 4
287 95 3
287 96 4
287 97 4
287 99 3
287 100 4
287 111 4
287 117 3
287 121 3
287 125 2
287 128 4
287 133 4
287 136 4
287 140 3
287 143 3
287 144 4
287 150 4
287 160 4
287 161 4
287 172 4
287 174 4
287 176 4
287 179 4
287 181 4
287 183 4
287 188 4
287 191 4
287 194 4
287 195 4
287 196 4
287 202 3
287 206 3
287 215 4
287 216 3
287 218 3
287 222 4
287 226 4
287 227 3
287 230 2
287 232 3
287 237 4
287 239 4
287 249 3
287 252 3
287 255 3
287 257 3
287 258 4
287 259 2
287 260 2
287 265 3
287 270 3
287 272 4
287 273 4
287 276 3
287 280 3
287 282 4
287 286 3
287 288 4
287 289 4
287 293 4
287 294 3
287 298 2
287 300 3
287 318 4
287 333 4
287 347 4
287 356 4
287 366 2
287 367 3
287 378 3
287 402 3
287 411 2
287 412 2
287 423 4
287 432 4
287 455 2
287 462 3
287 470 3
287 471 3
287 474 4
287 501 3
287 540 3
287 541 2
287 546 2
287 549 3
287 550 3
287 566 2
287 572 2
287 578 4
287 588 3
287 591 3
287 596 2
287 597 2
287 620 3
287 627 4
287 628 3
287 651 4
287 652 4
287 658 2
287 672 2
287 679 4
287 684 4
287 685 4
287 686 4
287 692 3
287 710 3
287 713 3
287 727 3
287 732 4
287 735 3
287 739 2
287 742 3
287 747 3
287 748 3
287 768 2
287 772 2
287 779 3
287 781 2
287 790 3
287 794 3
287 820 2
287 823 3
287 833 2
287 845 3
287 921 4
287 932 2
287 939 3
287 941 3
287 955 4
287 956 3
287 978 1
288 1 2
288 8 2
288 9 2
288 11 2
288 22 3
288 28 4
288 33 3
288 58 2
288 64 3
288 69 3
288 70 3
288 83 4
288 87 3
288 96 3
288 98 3
288 111 3
288 133 2
288 135 3
288 154 3
288 164 2
288 168 2
288 172 3
288 173 3
288 176 3
288 180 2
288 181 3
288 182 2
288 183 3
288 185 2
288 186 3
288 190 2
288 196 3
288 198 4
288 199 2
288 200 2
288 203 2
288 207 4
288 208 2
288 210 3
288 211 2
288 222 3
288 228 3
288 230 3
288 238 2
288 243 1
288 245 1
288 258 3
288 260 1
288 265 2
288 269 2
288 289 2
288 292 3
288 299 3
288 304 3
288 318 3
288 328 3
288 333 3
288 357 3
288 358 2
288 385 1
288 405 1
288 414 3
288 419 3
288 429 4
288 434 2
288 468 3
288 474 2
288 480 3
288 485 3
288 491 2
288 493 3
288 496 2
288 498 3
288 500 3
288 510 3
288 511 3
288 514 2
288 515 2
288 520 2
288 521 3
288 523 3
288 526 3
288 527 3
288 568 3
288 605 3
288 612 3
288 655 4
288 659 3
288 662 4
288 692 3
288 707 2
288 724 2
288 732 3
288 748 2
288 776 2
288 845 3
288 880 1
288 890 2
289 243 2
289 258 4
289 259 3
289 260 3
289 261 3
289 263 5
289 264 4
289 266 3
289 268 3
289 270 2
289 271 2
289 272 4
289 286 3
289 288 3
289 289 2
289 292 3
289 294 2
289 301 3
289 302 3
289 303 3
289 308 2
289 310 3
289 313 4
289 315 3
289 316 4
289 321 2
289 324 3
289 325 4
289 326 4
289 327 3
289 330 4
289 331 5
289 332 3
289 333 3
289 334 2
289 339 2
289 340 3
289 342 3
289 343 2
289 349 2
289 353 3
289 355 3
289 358 2
289 457 3
289 538 2
289 539 4
289 678 4
289 681 3
289 682 3
289 687 2
289 689 2
289 750 3
289 751 4
289 752 2
289 872 3
289 873 1
289 874 3
289 875 3
289 881 3
289 883 2
289 887 3
289 890 2
289 892 3
289 902 3
289 908 1
289 948 3
289 988 3
289 989 2
289 991 5
290 1 3
290 7 2
290 9 3
290 15 3
290 50 3
290 93 3
290 117 3
290 124 3
290 126 3
290 127 3
290 150 3
290 151 3
290 181 3
290 224 3
290 237 3
290 246 4
290 257 3
290 258 4
290 273 3
290 277 4
290 284 2
290 286 2
290 292 3
290 293 2
290 298 3
290 302 4
290 333 3
290 410 3
290 475 3
290 515 3
290 596 3
290 764 2
290 847 3
290 919 4
290 926 2
290 993 2
291 7 3
291 19 3
291 45 4
291 100 4
291 124 4
291 129 4
291 236 3
291 237 3
291 258 3
291 273 3
291 286 4
291 340 3
291 475 1
291 657 4
291 900 4
292 45 3
292 56 4
292 64 5
292 69 3
292 83 3
292 97 3
292 100 5
292 124 5
292 127 3
292 134 4
292 137 3
292 185 5
292 186 3
292 187 5
292 192 3
292 193 5
292 205 3
292 221 2
292 242 3
292 285 3
292 286 3
292 318 5
292 479 4
292 482 3
292 483 5
292 492 4
292 511 5
292 523 5
292 527 5
292 531 5
292 654 5
292 657 5
292 772 3
292 923 5
293 1 4
293 7 3
293 11 3
293 12 4
293 22 4
293 24 3
293 48 3
293 50 4
293 56 4
293 59 4
293 60 4
293 61 4
293 65 4
293 69 4
293 71 4
293 79 4
293 82 4
293 91 4
293 95 4
293 96 4
293 98 4
293 100 4
293 115 4
293 117 4
293 118 3
293 121 4
293 124 4
293 127 4
293 150 3
293 156 4
293 168 4
293 171 3
293 172 4
293 173 4
293 174 4
293 175 3
293 176 4
293 180 4
293 181 4
293 182 4
293 183 4
293 188 3
293 191 4
293 192 4
293 195 4
293 196 4
293 201 3
293 209 4
293 210 4
293 222 3
293 234 3
293 235 4
293 238 4
293 239 4
293 250 4
293 252 4
293 257 3
293 258 4
293 260 2
293 264 4
293 265 3
293 271 4
293 273 3
293 275 4
293 284 3
293 288 3
293 298 4
293 300 4
293 318 4
293 323 2
293 327 4
293 328 4
293 343 4
293 357 4
293 369 4
293 405 3
293 411 4
293 423 4
293 431 4
293 455 3
293 462 3
293 475 4
293 483 4
293 527 4
293 528 4
293 546 3
293 550 3
293 597 3
293 647 4
293 652 4
293 684 4
293 687 1
293 693 3
293 742 4
293 746 3
293 751 4
293 754 4
293 762 4
293 763 4
293 876 2
293 886 4
293 890 2
293 925 4
294 1 4
294 9 4
294 15 4
294 64 4
294 65 4
294 86 4
294 98 4
294 100 4
294 126 4
294 174 4
294 183 4
294 191 4
294 194 4
294 222 4
294 237 4
294 286 4
294 289 2
294 294 3
294 322 3
294 357 5
294 479 4
294 507 3
294 528 4
294 748 2
294 924 4
295 2 4
295 4 4
295 11 4
295 29 2
295 44 4
295 50 4
295 53 4
295 54 4
295 56 4
295 62 4
295 64 4
295 68 4
295 69 3
295 71 4
295 79 3
295 84 4
295 86 4
295 88 1
295 89 4
295 90 2
295 91 3
295 94 2
295 95 3
295 98 4
295 101 3
295 109 4
295 120 2
295 127 4
295 132 4
295 133 4
295 139 3
295 140 1
295 144 4
295 145 1
295 147 4
295 153 4
295 155 3
295 157 4
295 158 1
295 161 4
295 162 4
295 163 3
295 167 1
295 168 4
295 172 4
295 173 4
295 174 4
295 176 4
295 179 4
295 181 4
295 184 4
295 186 4
295 188 3
295 191 4
295 195 4
295 200 3
295 201 3
295 202 4
295 214 3
295 216 3
295 217 4
295 219 1
295 222 4
295 226 4
295 227 3
295 228 4
295 229 5
295 230 5
295 231 2
295 232 5
295 234 4
295 235 2
295 265 4
295 282 5
295 288 3
295 357 4
295 379 4
295 380 4
295 385 4
295 386 5
295 389 4
295 391 2
295 392 4
295 395 2
295 402 3
295 403 4
295 404 4
295 413 4
295 416 4
295 417 3
295 421 4
295 423 3
295 431 3
295 433 5
295 435 4
295 444 2
295 447 4
295 449 5
295 452 4
295 465 1
295 470 3
295 472 1
295 478 1
295 479 4
295 496 2
295 501 3
295 504 4
295 505 1
295 507 4
295 523 4
295 550 4
295 559 4
295 566 3
295 575 2
295 581 4
295 616 4
295 622 5
295 629 4
295 642 3
295 650 4
295 658 5
295 660 3
295 665 2
295 671 3
295 674 3
295 679 5
295 684 4
295 705 4
295 732 4
295 742 5
295 768 2
295 770 3
295 790 3
295 796 3
295 797 3
295 831 2
295 843 3
295 924 5
295 944 2
296 7 5
296 10 3
296 17 3
296 33 3
296 38 3
296 39 3
296 42 4
296 50 4
296 53 2
296 56 4
296 64 4
296 77 3
296 87 5
296 96 5
296 97 4
296 98 4
296 99 4
296 109 5
296 132 4
296 133 3
296 135 4
296 136 3
296 141 3
296 142 3
296 143 4
296 147 4
296 150 3
296 154 5
296 156 5
296 158 3
296 164 5
296 172 5
296 173 4
296 181 5
296 183 5
296 186 5
296 204 5
296 222 4
296 227 3
296 228 4
296 229 3
296 246 5
296 268 3
296 288 4
296 318 4
296 356 4
296 378 4
296 380 5
296 393 5
296 417 3
296 418 3
296 420 4
296 421 4
296 433 4
296 469 5
296 480 5
296 484 4
296 485 4
296 509 5
296 526 4
296 528 4
296 532 4
296 554 2
296 561 2
296 607 3
296 625 3
296 633 3
296 727 3
296 743 2
296 746 4
296 774 3
296 825 2
296 921 4
297 1 3
297 2 2
297 3 2
297 11 5
297 12 4
297 13 3
297 19 3
297 24 3
297 25 3
297 28 3
297 31 4
297 38 2
297 39 2
297 54 3
297 56 3
297 66 2
297 67 4
297 70 4
297 71 3
297 72 2
297 77 3
297 79 3
297 80 3
297 87 4
297 89 3
297 94 3
297 95 3
297 96 4
297 97 2
297 98 3
297 99 2
297 100 4
297 101 2
297 105 3
297 108 4
297 109 3
297 114 3
297 118 3
297 122 1
297 127 5
297 139 3
297 145 1
297 152 3
297 153 3
297 155 2
297 161 2
297 163 4
297 164 3
297 167 2
297 168 3
297 173 4
297 174 3
297 175 3
297 181 4
297 183 4
297 185 3
297 186 3
297 187 5
297 188 5
297 189 3
297 194 4
297 195 4
297 197 3
297 202 4
297 204 3
297 208 3
297 217 2
297 222 3
297 225 3
297 227 2
297 228 3
297 229 3
297 230 3
297 233 3
297 234 3
297 240 2
297 242 3
297 248 3
297 250 4
297 252 3
297 257 3
297 258 4
297 260 2
297 268 3
297 273 3
297 274 3
297 288 3
297 291 3
297 325 3
297 358 2
297 363 2
297 364 4
297 373 2
297 381 5
297 382 3
297 384 4
297 385 2
297 386 3
297 393 3
297 395 3
297 399 3
297 403 5
297 405 3
297 407 2
297 408 4
297 412 2
297 418 3
297 423 3
297 431 3
297 432 3
297 451 3
297 452 3
297 455 2
297 465 2
297 472 3
297 475 3
297 501 3
297 508 5
297 510 3
297 526 3
297 540 3
297 545 2
297 549 3
297 550 3
297 552 3
297 559 2
297 562 2
297 566 2
297 568 3
297 570 3
297 575 4
297 577 3
297 578 3
297 588 3
297 590 1
297 597 2
297 603 3
297 625 3
297 627 4
297 645 4
297 651 3
297 652 3
297 655 3
297 657 3
297 679 2
297 692 3
297 716 2
297 721 4
297 722 2
297 724 2
297 731 3
297 741 3
297 748 2
297 758 1
297 765 2
297 771 3
297 780 4
297 781 3
297 783 2
297 790 3
297 792 3
297 797 2
297 802 2
297 808 2
297 809 2
297 810 2
297 840 2
297 849 2
297 864 2
297 940 2
297 943 2
297 1000 5
298 10 4
298 11 1
298 12 4
298 23 4
298 32 3
298 50 4
298 53 1
298 54 4
298 56 4
298 59 3
298 61 3
298 79 4
298 83 4
298 89 4
298 98 4
298 121 4
298 124 4
298 127 4
298 136 4
298 137 3
298 144 3
298 150 4
298 151 1
298 156 4
298 160 3
298 164 4
298 168 4
298 171 3
298 172 4
298 175 4
298 176 4
298 182 4
298 183 4
298 186 4
298 187 4
298 191 4
298 192 4
298 197 4
298 202 3
298 203 3
298 204 4
298 210 4
298 218 3
298 222 3
298 228 4
298 229 3
298 258 4
298 262 4
298 271 1
298 275 4
298 288 2
298 293 1
298 302 4
298 340 1
298 381 3
298 425 4
298 435 4
298 443 4
298 447 3
298 448 1
298 449 3
298 464 4
298 474 4
298 475 4
298 483 4
298 484 4
298 486 4
298 489 3
298 512 4
298 515 4
298 522 3
298 525 4
298 548 3
298 554 2
298 558 1
298 594 3
298 607 4
298 628 3
298 631 3
298 649 4
298 652 3
298 656 3
298 664 3
298 675 3
298 693 3
298 754 3
298 772 1
298 806 3
298 887 3
298 919 4
298 922 3
298 933 3
298 985 2
299 7 3
299 8 3
299 11 4
299 12 4
299 50 3
299 69 3
299 87 4
299 97 3
299 117 3
299 132 4
299 153 4
299 157 4
299 176 3
299 177 4
299 181 3
299 182 4
299 183 4
299 191 4
299 193 4
299 194 4
299 198 3
299 202 3
299 207 4
299 210 4
299 213 4
299 215 4
299 238 4
299 251 4
299 271 4
299 272 4
299 275 4
299 295 3
299 300 4
299 301 3
299 312 4
299 313 4
299 318 4
299 326 3
299 357 4
299 414 4
299 425 3
299 427 4
299 463 4
299 474 4
299 482 3
299 483 4
299 484 4
299 486 3
299 497 4
299 511 4
299 514 4
299 516 4
299 520 4
299 521 4
299 530 4
299 539 2
299 605 3
299 651 4
299 657 4
299 661 4
299 663 4
299 690 3
299 692 3
299 742 3
299 750 4
299 879 4
299 886 4
299 887 3
299 902 3
300 1 4
300 3 4
300 8 3
300 9 4
300 15 4
300 25 3
300 28 4
300 30 3
300 39 3
300 42 3
300 43 5
300 44 4
300 45 4
300 50 3
300 56 4
300 58 3
300 59 4
300 61 4
300 62 4
300 69 3
300 70 4
300 72 4
300 77 4
300 83 4
300 88 4
300 89 4
300 94 4
300 97 4
300 98 4
300 100 4
300 116 3
300 118 3
300 120 4
300 125 4
300 129 4
300 133 4
300 135 5
300 143 3
300 147 3
300 159 5
300 164 3
300 172 4
300 175 4
300 179 4
300 181 3
300 196 4
300 204 4
300 208 4
300 210 4
300 211 3
300 216 3
300 217 2
300 223 4
300 234 4
300 235 2
300 238 4
300 244 3
300 245 3
300 246 4
300 250 4
300 252 3
300 255 3
300 257 4
300 268 4
300 274 4
300 275 4
300 276 3
300 281 3
300 282 4
300 283 3
300 284 3
300 285 4
300 287 3
300 294 3
300 298 4
300 300 4
300 301 3
300 304 3
300 316 3
300 319 4
300 325 4
300 381 4
300 386 5
300 387 5
300 393 3
300 396 3
300 405 3
300 407 2
300 412 2
300 421 4
300 448 3
300 464 5
300 469 4
300 471 3
300 472 3
300 475 3
300 476 4
300 479 4
300 498 4
300 509 4
300 514 5
300 517 4
300 522 3
300 529 4
300 531 4
300 535 4
300 553 3
300 559 2
300 568 4
300 569 2
300 584 3
300 611 4
300 619 4
300 639 3
300 640 3
300 660 3
300 662 4
300 665 2
300 699 4
300 709 4
300 714 4
300 721 2
300 729 4
300 735 4
300 739 4
300 742 3
300 762 4
300 768 5
300 775 3
300 780 2
300 781 4
300 815 3
300 821 4
300 827 4
300 836 3
300 845 3
300 930 2
300 964 5
300 971 3
300 988 1
300 996 2
